100 100
C63,1 267829 0.00 
C63,2 241152 0.00 
C63,3 248330 0.00 
C63,4 258928 0.00 
C63,5 263069 0.00 
C63,6 256264 0.00 
C63,7 262133 0.00 
C63,8 215217 0.00 
C63,9 258649 0.00 
C63,10 254335 0.00 
C63,11 263708 0.00 
C63,12 249143 0.00 
C63,13 254287 0.00 
C63,14 260645 0.00 
C63,15 238258 0.00 
C63,16 246998 0.00 
C63,17 244363 0.00 
C63,18 252869 0.00 
C63,19 254792 0.00 
C63,20 209249 0.00 
C63,21 236735 0.00 
C63,22 243344 0.00 
C63,23 245614 0.00 
C63,24 225919 0.00 
C63,25 223225 0.00 
C63,26 226476 0.00 
C63,27 258358 0.00 
C63,28 258451 0.00 
C63,29 233666 0.00 
C63,30 256229 0.00 
C63,31 252479 0.00 
C63,32 225812 0.00 
C63,33 271616 0.00 
C63,34 267832 0.00 
C63,35 238681 0.00 
C63,36 234283 0.00 
C63,37 253431 0.00 
C63,38 234836 0.00 
C63,39 222561 0.00 
C63,40 243751 0.00 
C63,41 272943 0.00 
C63,42 237786 0.00 
C63,43 222131 0.00 
C63,44 255572 0.00 
C63,45 255669 0.00 
C63,46 250676 0.00 
C63,47 233735 0.00 
C63,48 274590 0.00 
C63,49 240614 0.00 
C63,50 239310 0.00 
C63,51 230112 0.00 
C63,52 234338 0.00 
C63,53 241506 0.00 
C63,54 264570 0.00 
C63,55 230722 0.00 
C63,56 247452 0.00 
C63,57 261520 0.00 
C63,58 241048 0.00 
C63,59 284757 0.00 
C63,60 226199 0.00 
C63,61 221064 0.00 
C63,62 250335 0.00 
C63,63 257011 0.00 
C63,64 219673 0.00 
C63,65 220848 0.00 
C63,66 250301 0.00 
C63,67 230754 0.00 
C63,68 226622 0.00 
C63,69 246312 0.00 
C63,70 254593 0.00 
C63,71 240616 0.00 
C63,72 230194 0.00 
C63,73 233629 0.00 
C63,74 277769 0.00 
C63,75 286538 0.00 
C63,76 238953 0.00 
C63,77 241850 0.00 
C63,78 263975 0.00 
C63,79 280372 0.00 
C63,80 232375 0.00 
C63,81 232606 0.00 
C63,82 267421 0.00 
C63,83 236400 0.00 
C63,84 227701 0.00 
C63,85 251753 0.00 
C63,86 218366 0.00 
C63,87 238306 0.00 
C63,88 251731 0.00 
C63,89 245183 0.00 
C63,90 262250 0.00 
C63,91 254899 0.00 
C63,92 219939 0.00 
C63,93 248852 0.00 
C63,94 247646 0.00 
C63,95 267602 0.00 
C63,96 240547 0.00 
C63,97 204513 0.00 
C63,98 254030 0.00 
C63,99 233830 0.00 
C63,100 239920 0.00 
C64,1 252429 0.00 
C64,2 212835 0.00 
C64,3 249268 0.00 
C64,4 229020 0.00 
C64,5 244805 0.00 
C64,6 241700 0.00 
C64,7 239605 0.00 
C64,8 206442 0.00 
C64,9 225143 0.00 
C64,10 249583 0.00 
C64,11 260893 0.00 
C64,12 205576 0.00 
C64,13 246857 0.00 
C64,14 250540 0.00 
C64,15 208897 0.00 
C64,16 212282 0.00 
C64,17 229083 0.00 
C64,18 233228 0.00 
C64,19 246384 0.00 
C64,20 216836 0.00 
C64,21 227241 0.00 
C64,22 241678 0.00 
C64,23 222897 0.00 
C64,24 206072 0.00 
C64,25 213702 0.00 
C64,26 211481 0.00 
C64,27 240136 0.00 
C64,28 266601 0.00 
C64,29 244087 0.00 
C64,30 236614 0.00 
C64,31 249663 0.00 
C64,32 211588 0.00 
C64,33 249061 0.00 
C64,34 255820 0.00 
C64,35 238157 0.00 
C64,36 223025 0.00 
C64,37 244442 0.00 
C64,38 236767 0.00 
C64,39 217268 0.00 
C64,40 229639 0.00 
C64,41 240834 0.00 
C64,42 242659 0.00 
C64,43 209591 0.00 
C64,44 206314 0.00 
C64,45 243887 0.00 
C64,46 219620 0.00 
C64,47 221387 0.00 
C64,48 235202 0.00 
C64,49 220621 0.00 
C64,50 224422 0.00 
C64,51 236580 0.00 
C64,52 223135 0.00 
C64,53 233995 0.00 
C64,54 236891 0.00 
C64,55 207289 0.00 
C64,56 256568 0.00 
C64,57 227943 0.00 
C64,58 234295 0.00 
C64,59 233694 0.00 
C64,60 205716 0.00 
C64,61 209504 0.00 
C64,62 241097 0.00 
C64,63 227036 0.00 
C64,64 204709 0.00 
C64,65 224090 0.00 
C64,66 248273 0.00 
C64,67 223710 0.00 
C64,68 239857 0.00 
C64,69 231496 0.00 
C64,70 243000 0.00 
C64,71 215849 0.00 
C64,72 226924 0.00 
C64,73 224596 0.00 
C64,74 261665 0.00 
C64,75 272335 0.00 
C64,76 228837 0.00 
C64,77 218842 0.00 
C64,78 227170 0.00 
C64,79 252553 0.00 
C64,80 205045 0.00 
C64,81 227089 0.00 
C64,82 244750 0.00 
C64,83 209808 0.00 
C64,84 222887 0.00 
C64,85 249196 0.00 
C64,86 219887 0.00 
C64,87 222233 0.00 
C64,88 235718 0.00 
C64,89 220694 0.00 
C64,90 235909 0.00 
C64,91 244661 0.00 
C64,92 217153 0.00 
C64,93 218979 0.00 
C64,94 247712 0.00 
C64,95 242715 0.00 
C64,96 217600 0.00 
C64,97 194367 0.00 
C64,98 263024 0.00 
C64,99 201783 0.00 
C64,100 218512 0.00 
C65,1 261610 0.00 
C65,2 221275 0.00 
C65,3 238522 0.00 
C65,4 264264 0.00 
C65,5 236107 0.00 
C65,6 249828 0.00 
C65,7 234379 0.00 
C65,8 221304 0.00 
C65,9 247777 0.00 
C65,10 242630 0.00 
C65,11 257944 0.00 
C65,12 227413 0.00 
C65,13 237907 0.00 
C65,14 258901 0.00 
C65,15 225835 0.00 
C65,16 221160 0.00 
C65,17 227099 0.00 
C65,18 243198 0.00 
C65,19 228068 0.00 
C65,20 218650 0.00 
C65,21 206647 0.00 
C65,22 223149 0.00 
C65,23 244862 0.00 
C65,24 216823 0.00 
C65,25 196717 0.00 
C65,26 212383 0.00 
C65,27 241450 0.00 
C65,28 247381 0.00 
C65,29 240356 0.00 
C65,30 236339 0.00 
C65,31 249441 0.00 
C65,32 198882 0.00 
C65,33 242356 0.00 
C65,34 249200 0.00 
C65,35 226475 0.00 
C65,36 207195 0.00 
C65,37 238155 0.00 
C65,38 217961 0.00 
C65,39 224050 0.00 
C65,40 238635 0.00 
C65,41 256825 0.00 
C65,42 240025 0.00 
C65,43 215247 0.00 
C65,44 219362 0.00 
C65,45 253218 0.00 
C65,46 236294 0.00 
C65,47 224341 0.00 
C65,48 243364 0.00 
C65,49 222654 0.00 
C65,50 237023 0.00 
C65,51 235480 0.00 
C65,52 221990 0.00 
C65,53 234494 0.00 
C65,54 238548 0.00 
C65,55 199785 0.00 
C65,56 247210 0.00 
C65,57 238140 0.00 
C65,58 235926 0.00 
C65,59 242015 0.00 
C65,60 229773 0.00 
C65,61 192686 0.00 
C65,62 236903 0.00 
C65,63 250394 0.00 
C65,64 224570 0.00 
C65,65 221531 0.00 
C65,66 223260 0.00 
C65,67 228424 0.00 
C65,68 213555 0.00 
C65,69 229433 0.00 
C65,70 226454 0.00 
C65,71 247397 0.00 
C65,72 210806 0.00 
C65,73 227505 0.00 
C65,74 251997 0.00 
C65,75 260216 0.00 
C65,76 240789 0.00 
C65,77 214204 0.00 
C65,78 215696 0.00 
C65,79 261143 0.00 
C65,80 219587 0.00 
C65,81 221166 0.00 
C65,82 270933 0.00 
C65,83 228147 0.00 
C65,84 235882 0.00 
C65,85 233232 0.00 
C65,86 216847 0.00 
C65,87 208535 0.00 
C65,88 230915 0.00 
C65,89 238081 0.00 
C65,90 245695 0.00 
C65,91 244210 0.00 
C65,92 222206 0.00 
C65,93 228205 0.00 
C65,94 248539 0.00 
C65,95 245940 0.00 
C65,96 242878 0.00 
C65,97 187104 0.00 
C65,98 249040 0.00 
C65,99 201083 0.00 
C65,100 209195 0.00 
C66,1 263482 0.00 
C66,2 220649 0.00 
C66,3 245458 0.00 
C66,4 246570 0.00 
C66,5 236898 0.00 
C66,6 245579 0.00 
C66,7 229390 0.00 
C66,8 221210 0.00 
C66,9 245273 0.00 
C66,10 251390 0.00 
C66,11 256930 0.00 
C66,12 224342 0.00 
C66,13 259671 0.00 
C66,14 257536 0.00 
C66,15 225435 0.00 
C66,16 234581 0.00 
C66,17 232945 0.00 
C66,18 246271 0.00 
C66,19 229773 0.00 
C66,20 219544 0.00 
C66,21 223676 0.00 
C66,22 251825 0.00 
C66,23 227450 0.00 
C66,24 218959 0.00 
C66,25 222548 0.00 
C66,26 218623 0.00 
C66,27 255029 0.00 
C66,28 267125 0.00 
C66,29 261411 0.00 
C66,30 221854 0.00 
C66,31 234032 0.00 
C66,32 230196 0.00 
C66,33 273808 0.00 
C66,34 258560 0.00 
C66,35 244114 0.00 
C66,36 228205 0.00 
C66,37 261174 0.00 
C66,38 238433 0.00 
C66,39 229464 0.00 
C66,40 246353 0.00 
C66,41 265973 0.00 
C66,42 243866 0.00 
C66,43 214523 0.00 
C66,44 237704 0.00 
C66,45 254490 0.00 
C66,46 247814 0.00 
C66,47 244570 0.00 
C66,48 267836 0.00 
C66,49 219955 0.00 
C66,50 253903 0.00 
C66,51 232369 0.00 
C66,52 240908 0.00 
C66,53 233666 0.00 
C66,54 256247 0.00 
C66,55 228614 0.00 
C66,56 242665 0.00 
C66,57 249390 0.00 
C66,58 232888 0.00 
C66,59 263397 0.00 
C66,60 233118 0.00 
C66,61 202230 0.00 
C66,62 253724 0.00 
C66,63 248445 0.00 
C66,64 221144 0.00 
C66,65 223370 0.00 
C66,66 242651 0.00 
C66,67 229336 0.00 
C66,68 230478 0.00 
C66,69 255788 0.00 
C66,70 243035 0.00 
C66,71 242793 0.00 
C66,72 225177 0.00 
C66,73 224636 0.00 
C66,74 255232 0.00 
C66,75 271948 0.00 
C66,76 244107 0.00 
C66,77 219380 0.00 
C66,78 251733 0.00 
C66,79 259782 0.00 
C66,80 224805 0.00 
C66,81 226839 0.00 
C66,82 270082 0.00 
C66,83 211359 0.00 
C66,84 237536 0.00 
C66,85 240655 0.00 
C66,86 216941 0.00 
C66,87 221447 0.00 
C66,88 236071 0.00 
C66,89 241026 0.00 
C66,90 233726 0.00 
C66,91 249696 0.00 
C66,92 223772 0.00 
C66,93 229586 0.00 
C66,94 253012 0.00 
C66,95 250055 0.00 
C66,96 228547 0.00 
C66,97 200323 0.00 
C66,98 264191 0.00 
C66,99 197361 0.00 
C66,100 245589 0.00 
C67,1 279175 0.00 
C67,2 254540 0.00 
C67,3 276228 0.00 
C67,4 286382 0.00 
C67,5 274351 0.00 
C67,6 271561 0.00 
C67,7 264062 0.00 
C67,8 232986 0.00 
C67,9 277428 0.00 
C67,10 283053 0.00 
C67,11 269033 0.00 
C67,12 268489 0.00 
C67,13 260238 0.00 
C67,14 284045 0.00 
C67,15 257378 0.00 
C67,16 265452 0.00 
C67,17 255812 0.00 
C67,18 265572 0.00 
C67,19 257293 0.00 
C67,20 257876 0.00 
C67,21 232002 0.00 
C67,22 255008 0.00 
C67,23 280304 0.00 
C67,24 246564 0.00 
C67,25 226960 0.00 
C67,26 237104 0.00 
C67,27 276178 0.00 
C67,28 272591 0.00 
C67,29 265393 0.00 
C67,30 272456 0.00 
C67,31 262339 0.00 
C67,32 235632 0.00 
C67,33 272706 0.00 
C67,34 276320 0.00 
C67,35 279457 0.00 
C67,36 247813 0.00 
C67,37 283342 0.00 
C67,38 254745 0.00 
C67,39 257380 0.00 
C67,40 262826 0.00 
C67,41 293390 0.00 
C67,42 265281 0.00 
C67,43 233834 0.00 
C67,44 267063 0.00 
C67,45 278718 0.00 
C67,46 261189 0.00 
C67,47 252693 0.00 
C67,48 288758 0.00 
C67,49 234058 0.00 
C67,50 270846 0.00 
C67,51 252166 0.00 
C67,52 262573 0.00 
C67,53 261193 0.00 
C67,54 266354 0.00 
C67,55 241474 0.00 
C67,56 271522 0.00 
C67,57 267851 0.00 
C67,58 246124 0.00 
C67,59 278032 0.00 
C67,60 254558 0.00 
C67,61 225173 0.00 
C67,62 260327 0.00 
C67,63 267316 0.00 
C67,64 237844 0.00 
C67,65 249311 0.00 
C67,66 257131 0.00 
C67,67 252770 0.00 
C67,68 245193 0.00 
C67,69 245328 0.00 
C67,70 259956 0.00 
C67,71 274214 0.00 
C67,72 249815 0.00 
C67,73 239610 0.00 
C67,74 279761 0.00 
C67,75 285353 0.00 
C67,76 279922 0.00 
C67,77 249143 0.00 
C67,78 248761 0.00 
C67,79 277310 0.00 
C67,80 253005 0.00 
C67,81 252217 0.00 
C67,82 298786 0.00 
C67,83 259725 0.00 
C67,84 254763 0.00 
C67,85 256153 0.00 
C67,86 247840 0.00 
C67,87 244691 0.00 
C67,88 264876 0.00 
C67,89 269582 0.00 
C67,90 276357 0.00 
C67,91 286248 0.00 
C67,92 248739 0.00 
C67,93 269371 0.00 
C67,94 275021 0.00 
C67,95 281113 0.00 
C67,96 236060 0.00 
C67,97 226882 0.00 
C67,98 274446 0.00 
C67,99 223541 0.00 
C67,100 260877 0.00 
C68,1 264027 0.00 
C68,2 223526 0.00 
C68,3 254674 0.00 
C68,4 242301 0.00 
C68,5 258807 0.00 
C68,6 256898 0.00 
C68,7 253523 0.00 
C68,8 221821 0.00 
C68,9 250986 0.00 
C68,10 260490 0.00 
C68,11 259344 0.00 
C68,12 235091 0.00 
C68,13 250880 0.00 
C68,14 252112 0.00 
C68,15 229840 0.00 
C68,16 232364 0.00 
C68,17 238592 0.00 
C68,18 249283 0.00 
C68,19 243493 0.00 
C68,20 235974 0.00 
C68,21 233440 0.00 
C68,22 250311 0.00 
C68,23 231946 0.00 
C68,24 198600 0.00 
C68,25 220756 0.00 
C68,26 215120 0.00 
C68,27 249410 0.00 
C68,28 239909 0.00 
C68,29 241448 0.00 
C68,30 238326 0.00 
C68,31 234534 0.00 
C68,32 217379 0.00 
C68,33 268391 0.00 
C68,34 249373 0.00 
C68,35 244248 0.00 
C68,36 236978 0.00 
C68,37 259712 0.00 
C68,38 233372 0.00 
C68,39 218013 0.00 
C68,40 243795 0.00 
C68,41 255036 0.00 
C68,42 252962 0.00 
C68,43 228078 0.00 
C68,44 217924 0.00 
C68,45 266331 0.00 
C68,46 245057 0.00 
C68,47 238986 0.00 
C68,48 244596 0.00 
C68,49 228009 0.00 
C68,50 228975 0.00 
C68,51 255597 0.00 
C68,52 238595 0.00 
C68,53 251417 0.00 
C68,54 265468 0.00 
C68,55 215486 0.00 
C68,56 236645 0.00 
C68,57 243405 0.00 
C68,58 226580 0.00 
C68,59 250842 0.00 
C68,60 242033 0.00 
C68,61 201576 0.00 
C68,62 256673 0.00 
C68,63 234724 0.00 
C68,64 244610 0.00 
C68,65 219143 0.00 
C68,66 242795 0.00 
C68,67 229339 0.00 
C68,68 232930 0.00 
C68,69 236000 0.00 
C68,70 247660 0.00 
C68,71 239205 0.00 
C68,72 228080 0.00 
C68,73 225459 0.00 
C68,74 263284 0.00 
C68,75 255310 0.00 
C68,76 237481 0.00 
C68,77 227434 0.00 
C68,78 248311 0.00 
C68,79 253344 0.00 
C68,80 223228 0.00 
C68,81 231642 0.00 
C68,82 255631 0.00 
C68,83 217246 0.00 
C68,84 234542 0.00 
C68,85 238482 0.00 
C68,86 233236 0.00 
C68,87 221951 0.00 
C68,88 253668 0.00 
C68,89 245926 0.00 
C68,90 251267 0.00 
C68,91 270626 0.00 
C68,92 233284 0.00 
C68,93 222331 0.00 
C68,94 253793 0.00 
C68,95 255292 0.00 
C68,96 238338 0.00 
C68,97 201832 0.00 
C68,98 252002 0.00 
C68,99 211244 0.00 
C68,100 214233 0.00 
C69,1 277951 0.00 
C69,2 233933 0.00 
C69,3 259885 0.00 
C69,4 247451 0.00 
C69,5 255823 0.00 
C69,6 261255 0.00 
C69,7 265616 0.00 
C69,8 224407 0.00 
C69,9 263859 0.00 
C69,10 281934 0.00 
C69,11 270419 0.00 
C69,12 245623 0.00 
C69,13 251542 0.00 
C69,14 267232 0.00 
C69,15 233519 0.00 
C69,16 253691 0.00 
C69,17 245467 0.00 
C69,18 259544 0.00 
C69,19 252145 0.00 
C69,20 241861 0.00 
C69,21 249921 0.00 
C69,22 252812 0.00 
C69,23 248633 0.00 
C69,24 230714 0.00 
C69,25 224915 0.00 
C69,26 232152 0.00 
C69,27 252107 0.00 
C69,28 260501 0.00 
C69,29 257982 0.00 
C69,30 263056 0.00 
C69,31 254300 0.00 
C69,32 236968 0.00 
C69,33 286557 0.00 
C69,34 283217 0.00 
C69,35 264984 0.00 
C69,36 249793 0.00 
C69,37 264897 0.00 
C69,38 244876 0.00 
C69,39 249255 0.00 
C69,40 234605 0.00 
C69,41 268740 0.00 
C69,42 261823 0.00 
C69,43 236953 0.00 
C69,44 238462 0.00 
C69,45 273475 0.00 
C69,46 265909 0.00 
C69,47 236116 0.00 
C69,48 256476 0.00 
C69,49 236651 0.00 
C69,50 246996 0.00 
C69,51 261453 0.00 
C69,52 249862 0.00 
C69,53 259305 0.00 
C69,54 256254 0.00 
C69,55 226564 0.00 
C69,56 267988 0.00 
C69,57 254648 0.00 
C69,58 265188 0.00 
C69,59 263663 0.00 
C69,60 251989 0.00 
C69,61 205718 0.00 
C69,62 247371 0.00 
C69,63 238362 0.00 
C69,64 225515 0.00 
C69,65 246544 0.00 
C69,66 252092 0.00 
C69,67 238643 0.00 
C69,68 255720 0.00 
C69,69 245763 0.00 
C69,70 266720 0.00 
C69,71 237612 0.00 
C69,72 245508 0.00 
C69,73 244653 0.00 
C69,74 284989 0.00 
C69,75 270910 0.00 
C69,76 268475 0.00 
C69,77 250863 0.00 
C69,78 251894 0.00 
C69,79 268150 0.00 
C69,80 240011 0.00 
C69,81 252869 0.00 
C69,82 261932 0.00 
C69,83 240203 0.00 
C69,84 238365 0.00 
C69,85 261419 0.00 
C69,86 230967 0.00 
C69,87 240348 0.00 
C69,88 255615 0.00 
C69,89 250433 0.00 
C69,90 259124 0.00 
C69,91 279649 0.00 
C69,92 236787 0.00 
C69,93 250478 0.00 
C69,94 262137 0.00 
C69,95 274385 0.00 
C69,96 228651 0.00 
C69,97 206858 0.00 
C69,98 273801 0.00 
C69,99 229938 0.00 
C69,100 234457 0.00 
C70,1 251517 0.00 
C70,2 209241 0.00 
C70,3 227890 0.00 
C70,4 233936 0.00 
C70,5 232384 0.00 
C70,6 243072 0.00 
C70,7 217058 0.00 
C70,8 220185 0.00 
C70,9 239680 0.00 
C70,10 243859 0.00 
C70,11 260440 0.00 
C70,12 222038 0.00 
C70,13 239829 0.00 
C70,14 248540 0.00 
C70,15 214174 0.00 
C70,16 220683 0.00 
C70,17 224978 0.00 
C70,18 227534 0.00 
C70,19 239386 0.00 
C70,20 210677 0.00 
C70,21 208341 0.00 
C70,22 230092 0.00 
C70,23 218904 0.00 
C70,24 200253 0.00 
C70,25 214953 0.00 
C70,26 216756 0.00 
C70,27 246417 0.00 
C70,28 235075 0.00 
C70,29 235052 0.00 
C70,30 222983 0.00 
C70,31 246723 0.00 
C70,32 216922 0.00 
C70,33 256458 0.00 
C70,34 251905 0.00 
C70,35 218935 0.00 
C70,36 208944 0.00 
C70,37 243536 0.00 
C70,38 235741 0.00 
C70,39 225966 0.00 
C70,40 237640 0.00 
C70,41 257478 0.00 
C70,42 230934 0.00 
C70,43 212411 0.00 
C70,44 221257 0.00 
C70,45 246540 0.00 
C70,46 237080 0.00 
C70,47 224613 0.00 
C70,48 243447 0.00 
C70,49 218680 0.00 
C70,50 261119 0.00 
C70,51 221835 0.00 
C70,52 206140 0.00 
C70,53 241781 0.00 
C70,54 239755 0.00 
C70,55 200150 0.00 
C70,56 245596 0.00 
C70,57 228216 0.00 
C70,58 224457 0.00 
C70,59 247884 0.00 
C70,60 224642 0.00 
C70,61 206854 0.00 
C70,62 229586 0.00 
C70,63 225143 0.00 
C70,64 209898 0.00 
C70,65 210402 0.00 
C70,66 220009 0.00 
C70,67 208828 0.00 
C70,68 222064 0.00 
C70,69 214428 0.00 
C70,70 243221 0.00 
C70,71 228596 0.00 
C70,72 228103 0.00 
C70,73 214667 0.00 
C70,74 259023 0.00 
C70,75 269363 0.00 
C70,76 222540 0.00 
C70,77 206909 0.00 
C70,78 236610 0.00 
C70,79 254727 0.00 
C70,80 211673 0.00 
C70,81 236438 0.00 
C70,82 251691 0.00 
C70,83 213291 0.00 
C70,84 213206 0.00 
C70,85 238728 0.00 
C70,86 201651 0.00 
C70,87 210186 0.00 
C70,88 241314 0.00 
C70,89 245332 0.00 
C70,90 239351 0.00 
C70,91 246611 0.00 
C70,92 218109 0.00 
C70,93 225216 0.00 
C70,94 227255 0.00 
C70,95 238713 0.00 
C70,96 223677 0.00 
C70,97 195749 0.00 
C70,98 252294 0.00 
C70,99 214882 0.00 
C70,100 209741 0.00 
C71,1 275908 0.00 
C71,2 226693 0.00 
C71,3 259068 0.00 
C71,4 266267 0.00 
C71,5 248558 0.00 
C71,6 251576 0.00 
C71,7 258870 0.00 
C71,8 221496 0.00 
C71,9 246392 0.00 
C71,10 274691 0.00 
C71,11 271446 0.00 
C71,12 243189 0.00 
C71,13 244966 0.00 
C71,14 279740 0.00 
C71,15 229644 0.00 
C71,16 253492 0.00 
C71,17 267780 0.00 
C71,18 262641 0.00 
C71,19 235884 0.00 
C71,20 227870 0.00 
C71,21 223424 0.00 
C71,22 252374 0.00 
C71,23 244143 0.00 
C71,24 215755 0.00 
C71,25 221302 0.00 
C71,26 225945 0.00 
C71,27 260386 0.00 
C71,28 269347 0.00 
C71,29 243166 0.00 
C71,30 250450 0.00 
C71,31 260578 0.00 
C71,32 220132 0.00 
C71,33 266181 0.00 
C71,34 261902 0.00 
C71,35 261304 0.00 
C71,36 229971 0.00 
C71,37 266384 0.00 
C71,38 258780 0.00 
C71,39 234909 0.00 
C71,40 246077 0.00 
C71,41 261956 0.00 
C71,42 255981 0.00 
C71,43 234725 0.00 
C71,44 226481 0.00 
C71,45 265685 0.00 
C71,46 256855 0.00 
C71,47 245975 0.00 
C71,48 274892 0.00 
C71,49 240724 0.00 
C71,50 240915 0.00 
C71,51 239140 0.00 
C71,52 242586 0.00 
C71,53 230052 0.00 
C71,54 241146 0.00 
C71,55 208894 0.00 
C71,56 268523 0.00 
C71,57 247699 0.00 
C71,58 234010 0.00 
C71,59 267550 0.00 
C71,60 240326 0.00 
C71,61 212131 0.00 
C71,62 249650 0.00 
C71,63 247856 0.00 
C71,64 225984 0.00 
C71,65 242004 0.00 
C71,66 266094 0.00 
C71,67 237363 0.00 
C71,68 244487 0.00 
C71,69 233950 0.00 
C71,70 238017 0.00 
C71,71 237182 0.00 
C71,72 236240 0.00 
C71,73 214011 0.00 
C71,74 271375 0.00 
C71,75 281957 0.00 
C71,76 254546 0.00 
C71,77 227124 0.00 
C71,78 234306 0.00 
C71,79 266105 0.00 
C71,80 232124 0.00 
C71,81 240044 0.00 
C71,82 288635 0.00 
C71,83 219350 0.00 
C71,84 235578 0.00 
C71,85 229943 0.00 
C71,86 222877 0.00 
C71,87 238623 0.00 
C71,88 237868 0.00 
C71,89 256209 0.00 
C71,90 255131 0.00 
C71,91 252753 0.00 
C71,92 232129 0.00 
C71,93 241580 0.00 
C71,94 257600 0.00 
C71,95 244425 0.00 
C71,96 248079 0.00 
C71,97 212414 0.00 
C71,98 251039 0.00 
C71,99 212786 0.00 
C71,100 237513 0.00 
C72,1 294809 0.00 
C72,2 252729 0.00 
C72,3 276682 0.00 
C72,4 267448 0.00 
C72,5 276207 0.00 
C72,6 277809 0.00 
C72,7 274000 0.00 
C72,8 255666 0.00 
C72,9 284545 0.00 
C72,10 285222 0.00 
C72,11 269487 0.00 
C72,12 258219 0.00 
C72,13 268188 0.00 
C72,14 289031 0.00 
C72,15 247459 0.00 
C72,16 269734 0.00 
C72,17 282117 0.00 
C72,18 271659 0.00 
C72,19 262144 0.00 
C72,20 271040 0.00 
C72,21 266746 0.00 
C72,22 268102 0.00 
C72,23 264227 0.00 
C72,24 244272 0.00 
C72,25 227721 0.00 
C72,26 255097 0.00 
C72,27 265788 0.00 
C72,28 292713 0.00 
C72,29 278305 0.00 
C72,30 292107 0.00 
C72,31 267207 0.00 
C72,32 245497 0.00 
C72,33 289436 0.00 
C72,34 294985 0.00 
C72,35 290016 0.00 
C72,36 244220 0.00 
C72,37 296004 0.00 
C72,38 273970 0.00 
C72,39 262930 0.00 
C72,40 283143 0.00 
C72,41 306504 0.00 
C72,42 273161 0.00 
C72,43 256899 0.00 
C72,44 246141 0.00 
C72,45 295282 0.00 
C72,46 274347 0.00 
C72,47 264506 0.00 
C72,48 303608 0.00 
C72,49 261352 0.00 
C72,50 262302 0.00 
C72,51 264013 0.00 
C72,52 276505 0.00 
C72,53 258964 0.00 
C72,54 282209 0.00 
C72,55 241502 0.00 
C72,56 288182 0.00 
C72,57 290285 0.00 
C72,58 248243 0.00 
C72,59 293017 0.00 
C72,60 267190 0.00 
C72,61 230011 0.00 
C72,62 280387 0.00 
C72,63 278315 0.00 
C72,64 265825 0.00 
C72,65 267798 0.00 
C72,66 267771 0.00 
C72,67 252089 0.00 
C72,68 238867 0.00 
C72,69 266358 0.00 
C72,70 270239 0.00 
C72,71 267486 0.00 
C72,72 257198 0.00 
C72,73 230710 0.00 
C72,74 279161 0.00 
C72,75 294969 0.00 
C72,76 264651 0.00 
C72,77 256700 0.00 
C72,78 261637 0.00 
C72,79 288792 0.00 
C72,80 248517 0.00 
C72,81 257253 0.00 
C72,82 310934 0.00 
C72,83 249277 0.00 
C72,84 263927 0.00 
C72,85 257252 0.00 
C72,86 247273 0.00 
C72,87 270829 0.00 
C72,88 264992 0.00 
C72,89 269101 0.00 
C72,90 285080 0.00 
C72,91 263333 0.00 
C72,92 254328 0.00 
C72,93 257748 0.00 
C72,94 283833 0.00 
C72,95 287898 0.00 
C72,96 275624 0.00 
C72,97 221613 0.00 
C72,98 277455 0.00 
C72,99 241358 0.00 
C72,100 253795 0.00 
C73,1 258411 0.00 
C73,2 240996 0.00 
C73,3 237173 0.00 
C73,4 237025 0.00 
C73,5 244980 0.00 
C73,6 217442 0.00 
C73,7 213742 0.00 
C73,8 201394 0.00 
C73,9 237596 0.00 
C73,10 244098 0.00 
C73,11 255064 0.00 
C73,12 210481 0.00 
C73,13 226936 0.00 
C73,14 255658 0.00 
C73,15 208270 0.00 
C73,16 210661 0.00 
C73,17 225792 0.00 
C73,18 225669 0.00 
C73,19 236163 0.00 
C73,20 218218 0.00 
C73,21 207930 0.00 
C73,22 237489 0.00 
C73,23 224646 0.00 
C73,24 208973 0.00 
C73,25 222114 0.00 
C73,26 222999 0.00 
C73,27 231644 0.00 
C73,28 247233 0.00 
C73,29 231907 0.00 
C73,30 240941 0.00 
C73,31 242278 0.00 
C73,32 194948 0.00 
C73,33 246410 0.00 
C73,34 244094 0.00 
C73,35 250154 0.00 
C73,36 228345 0.00 
C73,37 229917 0.00 
C73,38 244437 0.00 
C73,39 222282 0.00 
C73,40 240990 0.00 
C73,41 258611 0.00 
C73,42 235936 0.00 
C73,43 208340 0.00 
C73,44 216883 0.00 
C73,45 251205 0.00 
C73,46 231249 0.00 
C73,47 223202 0.00 
C73,48 252176 0.00 
C73,49 223438 0.00 
C73,50 247779 0.00 
C73,51 236193 0.00 
C73,52 204294 0.00 
C73,53 233300 0.00 
C73,54 234472 0.00 
C73,55 207090 0.00 
C73,56 246582 0.00 
C73,57 238900 0.00 
C73,58 234091 0.00 
C73,59 251943 0.00 
C73,60 223051 0.00 
C73,61 204407 0.00 
C73,62 232119 0.00 
C73,63 226477 0.00 
C73,64 211803 0.00 
C73,65 223765 0.00 
C73,66 242400 0.00 
C73,67 208351 0.00 
C73,68 248053 0.00 
C73,69 232834 0.00 
C73,70 235939 0.00 
C73,71 233192 0.00 
C73,72 214518 0.00 
C73,73 220740 0.00 
C73,74 257632 0.00 
C73,75 266389 0.00 
C73,76 233744 0.00 
C73,77 218538 0.00 
C73,78 239652 0.00 
C73,79 248061 0.00 
C73,80 218425 0.00 
C73,81 227464 0.00 
C73,82 262155 0.00 
C73,83 217666 0.00 
C73,84 222375 0.00 
C73,85 245407 0.00 
C73,86 218631 0.00 
C73,87 219467 0.00 
C73,88 238814 0.00 
C73,89 227132 0.00 
C73,90 240773 0.00 
C73,91 238266 0.00 
C73,92 211969 0.00 
C73,93 219180 0.00 
C73,94 246200 0.00 
C73,95 238170 0.00 
C73,96 227954 0.00 
C73,97 203127 0.00 
C73,98 252126 0.00 
C73,99 204862 0.00 
C73,100 210850 0.00 
C74,1 247052 0.00 
C74,2 210957 0.00 
C74,3 232994 0.00 
C74,4 224531 0.00 
C74,5 236500 0.00 
C74,6 222331 0.00 
C74,7 224403 0.00 
C74,8 228003 0.00 
C74,9 228104 0.00 
C74,10 242710 0.00 
C74,11 234771 0.00 
C74,12 208364 0.00 
C74,13 229390 0.00 
C74,14 253981 0.00 
C74,15 210853 0.00 
C74,16 230464 0.00 
C74,17 232838 0.00 
C74,18 238121 0.00 
C74,19 227006 0.00 
C74,20 232146 0.00 
C74,21 209398 0.00 
C74,22 230661 0.00 
C74,23 217315 0.00 
C74,24 204073 0.00 
C74,25 196186 0.00 
C74,26 211807 0.00 
C74,27 215799 0.00 
C74,28 241902 0.00 
C74,29 224080 0.00 
C74,30 246815 0.00 
C74,31 222533 0.00 
C74,32 207333 0.00 
C74,33 247354 0.00 
C74,34 232979 0.00 
C74,35 232675 0.00 
C74,36 204096 0.00 
C74,37 232884 0.00 
C74,38 230846 0.00 
C74,39 223160 0.00 
C74,40 228048 0.00 
C74,41 247228 0.00 
C74,42 225489 0.00 
C74,43 209971 0.00 
C74,44 211018 0.00 
C74,45 235364 0.00 
C74,46 224350 0.00 
C74,47 215527 0.00 
C74,48 249733 0.00 
C74,49 214491 0.00 
C74,50 219029 0.00 
C74,51 216632 0.00 
C74,52 216685 0.00 
C74,53 227346 0.00 
C74,54 232764 0.00 
C74,55 202850 0.00 
C74,56 233682 0.00 
C74,57 231394 0.00 
C74,58 215623 0.00 
C74,59 247073 0.00 
C74,60 224218 0.00 
C74,61 198174 0.00 
C74,62 228957 0.00 
C74,63 225642 0.00 
C74,64 223066 0.00 
C74,65 214435 0.00 
C74,66 244046 0.00 
C74,67 215771 0.00 
C74,68 219343 0.00 
C74,69 215034 0.00 
C74,70 223553 0.00 
C74,71 241576 0.00 
C74,72 215077 0.00 
C74,73 204987 0.00 
C74,74 248700 0.00 
C74,75 257569 0.00 
C74,76 222067 0.00 
C74,77 215712 0.00 
C74,78 228373 0.00 
C74,79 240365 0.00 
C74,80 212598 0.00 
C74,81 204666 0.00 
C74,82 250575 0.00 
C74,83 221413 0.00 
C74,84 220048 0.00 
C74,85 229188 0.00 
C74,86 205429 0.00 
C74,87 230833 0.00 
C74,88 217481 0.00 
C74,89 237595 0.00 
C74,90 232763 0.00 
C74,91 235238 0.00 
C74,92 200000 0.00 
C74,93 216808 0.00 
C74,94 234970 0.00 
C74,95 237105 0.00 
C74,96 232147 0.00 
C74,97 189348 0.00 
C74,98 240616 0.00 
C74,99 183125 0.00 
C74,100 206427 0.00 
C75,1 254487 0.00 
C75,2 223115 0.00 
C75,3 245621 0.00 
C75,4 251625 0.00 
C75,5 242495 0.00 
C75,6 233456 0.00 
C75,7 247776 0.00 
C75,8 211944 0.00 
C75,9 240371 0.00 
C75,10 233434 0.00 
C75,11 251229 0.00 
C75,12 229046 0.00 
C75,13 235090 0.00 
C75,14 263433 0.00 
C75,15 222213 0.00 
C75,16 233630 0.00 
C75,17 254815 0.00 
C75,18 234263 0.00 
C75,19 239850 0.00 
C75,20 223128 0.00 
C75,21 220835 0.00 
C75,22 236542 0.00 
C75,23 238593 0.00 
C75,24 213628 0.00 
C75,25 204393 0.00 
C75,26 213232 0.00 
C75,27 250694 0.00 
C75,28 252637 0.00 
C75,29 231753 0.00 
C75,30 235526 0.00 
C75,31 241272 0.00 
C75,32 215390 0.00 
C75,33 248136 0.00 
C75,34 241755 0.00 
C75,35 232563 0.00 
C75,36 214133 0.00 
C75,37 236088 0.00 
C75,38 233347 0.00 
C75,39 210886 0.00 
C75,40 243895 0.00 
C75,41 247989 0.00 
C75,42 227289 0.00 
C75,43 201409 0.00 
C75,44 229456 0.00 
C75,45 253119 0.00 
C75,46 234631 0.00 
C75,47 232790 0.00 
C75,48 254793 0.00 
C75,49 217761 0.00 
C75,50 235716 0.00 
0.00 
