100 100
C76,1 218786 0.00 
C76,2 176744 0.00 
C76,3 198293 0.00 
C76,4 206461 0.00 
C76,5 223957 0.00 
C76,6 203260 0.00 
C76,7 210920 0.00 
C76,8 194798 0.00 
C76,9 221069 0.00 
C76,10 221655 0.00 
C76,11 219293 0.00 
C76,12 210206 0.00 
C76,13 216568 0.00 
C76,14 233733 0.00 
C76,15 192804 0.00 
C76,16 202070 0.00 
C76,17 213445 0.00 
C76,18 199462 0.00 
C76,19 215443 0.00 
C76,20 198400 0.00 
C76,21 195789 0.00 
C76,22 220025 0.00 
C76,23 194619 0.00 
C76,24 177565 0.00 
C76,25 184825 0.00 
C76,26 192204 0.00 
C76,27 217627 0.00 
C76,28 215703 0.00 
C76,29 216839 0.00 
C76,30 203545 0.00 
C76,31 209949 0.00 
C76,32 196873 0.00 
C76,33 225478 0.00 
C76,34 228972 0.00 
C76,35 215233 0.00 
C76,36 196982 0.00 
C76,37 224302 0.00 
C76,38 219801 0.00 
C76,39 208343 0.00 
C76,40 215128 0.00 
C76,41 221254 0.00 
C76,42 218639 0.00 
C76,43 192493 0.00 
C76,44 197484 0.00 
C76,45 234403 0.00 
C76,46 210999 0.00 
C76,47 200550 0.00 
C76,48 214038 0.00 
C76,49 198517 0.00 
C76,50 205444 0.00 
C76,51 213343 0.00 
C76,52 197895 0.00 
C76,53 220334 0.00 
C76,54 221216 0.00 
C76,55 196759 0.00 
C76,56 219720 0.00 
C76,57 222179 0.00 
C76,58 197097 0.00 
C76,59 223290 0.00 
C76,60 195527 0.00 
C76,61 174687 0.00 
C76,62 233573 0.00 
C76,63 200840 0.00 
C76,64 194442 0.00 
C76,65 191950 0.00 
C76,66 209586 0.00 
C76,67 210509 0.00 
C76,68 213425 0.00 
C76,69 205086 0.00 
C76,70 223112 0.00 
C76,71 195313 0.00 
C76,72 189045 0.00 
C76,73 189115 0.00 
C76,74 237426 0.00 
C76,75 221253 0.00 
C76,76 211973 0.00 
C76,77 215195 0.00 
C76,78 209903 0.00 
C76,79 216140 0.00 
C76,80 199046 0.00 
C76,81 196923 0.00 
C76,82 223500 0.00 
C76,83 186189 0.00 
C76,84 190289 0.00 
C76,85 214024 0.00 
C76,86 180768 0.00 
C76,87 215249 0.00 
C76,88 223515 0.00 
C76,89 202725 0.00 
C76,90 210517 0.00 
C76,91 210717 0.00 
C76,92 178604 0.00 
C76,93 205190 0.00 
C76,94 212669 0.00 
C76,95 209218 0.00 
C76,96 211057 0.00 
C76,97 177248 0.00 
C76,98 215263 0.00 
C76,99 186941 0.00 
C76,100 194687 0.00 
C77,1 255139 0.00 
C77,2 204682 0.00 
C77,3 237629 0.00 
C77,4 240539 0.00 
C77,5 232086 0.00 
C77,6 237963 0.00 
C77,7 246916 0.00 
C77,8 215472 0.00 
C77,9 240908 0.00 
C77,10 245013 0.00 
C77,11 239612 0.00 
C77,12 225431 0.00 
C77,13 234602 0.00 
C77,14 248325 0.00 
C77,15 212717 0.00 
C77,16 230955 0.00 
C77,17 238251 0.00 
C77,18 235711 0.00 
C77,19 231742 0.00 
C77,20 228393 0.00 
C77,21 210262 0.00 
C77,22 221655 0.00 
C77,23 225089 0.00 
C77,24 206631 0.00 
C77,25 195573 0.00 
C77,26 210901 0.00 
C77,27 240871 0.00 
C77,28 250830 0.00 
C77,29 231287 0.00 
C77,30 225667 0.00 
C77,31 229580 0.00 
C77,32 221734 0.00 
C77,33 249153 0.00 
C77,34 246485 0.00 
C77,35 231867 0.00 
C77,36 219653 0.00 
C77,37 262589 0.00 
C77,38 222217 0.00 
C77,39 202005 0.00 
C77,40 229004 0.00 
C77,41 255675 0.00 
C77,42 231815 0.00 
C77,43 203020 0.00 
C77,44 220662 0.00 
C77,45 251104 0.00 
C77,46 228068 0.00 
C77,47 216277 0.00 
C77,48 258368 0.00 
C77,49 219496 0.00 
C77,50 225944 0.00 
C77,51 227117 0.00 
C77,52 221614 0.00 
C77,53 239837 0.00 
C77,54 241750 0.00 
C77,55 203182 0.00 
C77,56 252676 0.00 
C77,57 239527 0.00 
C77,58 223102 0.00 
C77,59 245769 0.00 
C77,60 216959 0.00 
C77,61 203360 0.00 
C77,62 230847 0.00 
C77,63 239798 0.00 
C77,64 217444 0.00 
C77,65 221852 0.00 
C77,66 226766 0.00 
C77,67 225812 0.00 
C77,68 216102 0.00 
C77,69 226133 0.00 
C77,70 232478 0.00 
C77,71 232820 0.00 
C77,72 223487 0.00 
C77,73 206900 0.00 
C77,74 248275 0.00 
C77,75 250662 0.00 
C77,76 243444 0.00 
C77,77 206298 0.00 
C77,78 226611 0.00 
C77,79 245335 0.00 
C77,80 212932 0.00 
C77,81 223569 0.00 
C77,82 257312 0.00 
C77,83 210125 0.00 
C77,84 234495 0.00 
C77,85 214718 0.00 
C77,86 217112 0.00 
C77,87 232315 0.00 
C77,88 231461 0.00 
C77,89 241602 0.00 
C77,90 248865 0.00 
C77,91 232490 0.00 
C77,92 217637 0.00 
C77,93 223786 0.00 
C77,94 251797 0.00 
C77,95 241596 0.00 
C77,96 217003 0.00 
C77,97 207536 0.00 
C77,98 246750 0.00 
C77,99 216133 0.00 
C77,100 212681 0.00 
C78,1 277203 0.00 
C78,2 231955 0.00 
C78,3 268586 0.00 
C78,4 259848 0.00 
C78,5 252311 0.00 
C78,6 239478 0.00 
C78,7 257734 0.00 
C78,8 225683 0.00 
C78,9 242314 0.00 
C78,10 271980 0.00 
C78,11 280468 0.00 
C78,12 244504 0.00 
C78,13 243414 0.00 
C78,14 275745 0.00 
C78,15 234105 0.00 
C78,16 260358 0.00 
C78,17 253583 0.00 
C78,18 253166 0.00 
C78,19 260083 0.00 
C78,20 234017 0.00 
C78,21 222468 0.00 
C78,22 262155 0.00 
C78,23 240983 0.00 
C78,24 219237 0.00 
C78,25 212824 0.00 
C78,26 230062 0.00 
C78,27 264831 0.00 
C78,28 261886 0.00 
C78,29 262316 0.00 
C78,30 246646 0.00 
C78,31 249854 0.00 
C78,32 220327 0.00 
C78,33 287955 0.00 
C78,34 276817 0.00 
C78,35 256476 0.00 
C78,36 241908 0.00 
C78,37 263446 0.00 
C78,38 251648 0.00 
C78,39 249981 0.00 
C78,40 250220 0.00 
C78,41 267653 0.00 
C78,42 258738 0.00 
C78,43 232430 0.00 
C78,44 231737 0.00 
C78,45 262742 0.00 
C78,46 266715 0.00 
C78,47 229680 0.00 
C78,48 255395 0.00 
C78,49 245466 0.00 
C78,50 252877 0.00 
C78,51 234721 0.00 
C78,52 247281 0.00 
C78,53 243378 0.00 
C78,54 270629 0.00 
C78,55 207470 0.00 
C78,56 261952 0.00 
C78,57 255697 0.00 
C78,58 255139 0.00 
C78,59 274696 0.00 
C78,60 234956 0.00 
C78,61 216478 0.00 
C78,62 259003 0.00 
C78,63 260328 0.00 
C78,64 230362 0.00 
C78,65 230574 0.00 
C78,66 259241 0.00 
C78,67 245045 0.00 
C78,68 253225 0.00 
C78,69 226063 0.00 
C78,70 254932 0.00 
C78,71 253470 0.00 
C78,72 242153 0.00 
C78,73 236418 0.00 
C78,74 294449 0.00 
C78,75 285035 0.00 
C78,76 263257 0.00 
C78,77 238941 0.00 
C78,78 252816 0.00 
C78,79 286774 0.00 
C78,80 220257 0.00 
C78,81 242151 0.00 
C78,82 278278 0.00 
C78,83 218838 0.00 
C78,84 248001 0.00 
C78,85 248312 0.00 
C78,86 232035 0.00 
C78,87 249458 0.00 
C78,88 256645 0.00 
C78,89 256908 0.00 
C78,90 263260 0.00 
C78,91 278758 0.00 
C78,92 235671 0.00 
C78,93 262708 0.00 
C78,94 245419 0.00 
C78,95 276774 0.00 
C78,96 254014 0.00 
C78,97 212537 0.00 
C78,98 269883 0.00 
C78,99 226237 0.00 
C78,100 242657 0.00 
C79,1 287476 0.00 
C79,2 236626 0.00 
C79,3 263836 0.00 
C79,4 269077 0.00 
C79,5 271225 0.00 
C79,6 266951 0.00 
C79,7 268616 0.00 
C79,8 241552 0.00 
C79,9 263953 0.00 
C79,10 287270 0.00 
C79,11 266900 0.00 
C79,12 267715 0.00 
C79,13 259120 0.00 
C79,14 291433 0.00 
C79,15 261449 0.00 
C79,16 248498 0.00 
C79,17 259486 0.00 
C79,18 276051 0.00 
C79,19 263288 0.00 
C79,20 235279 0.00 
C79,21 257300 0.00 
C79,22 254169 0.00 
C79,23 247798 0.00 
C79,24 234130 0.00 
C79,25 223209 0.00 
C79,26 237980 0.00 
C79,27 281140 0.00 
C79,28 269921 0.00 
C79,29 280227 0.00 
C79,30 246296 0.00 
C79,31 262891 0.00 
C79,32 243811 0.00 
C79,33 283859 0.00 
C79,34 268997 0.00 
C79,35 266343 0.00 
C79,36 252244 0.00 
C79,37 284264 0.00 
C79,38 255293 0.00 
C79,39 246079 0.00 
C79,40 266591 0.00 
C79,41 282084 0.00 
C79,42 271377 0.00 
C79,43 244673 0.00 
C79,44 261848 0.00 
C79,45 274341 0.00 
C79,46 270435 0.00 
C79,47 265476 0.00 
C79,48 276004 0.00 
C79,49 232375 0.00 
C79,50 247434 0.00 
C79,51 257832 0.00 
C79,52 251463 0.00 
C79,53 258879 0.00 
C79,54 252736 0.00 
C79,55 235093 0.00 
C79,56 270521 0.00 
C79,57 242928 0.00 
C79,58 257370 0.00 
C79,59 278906 0.00 
C79,60 240214 0.00 
C79,61 211746 0.00 
C79,62 267305 0.00 
C79,63 276290 0.00 
C79,64 236336 0.00 
C79,65 244728 0.00 
C79,66 246570 0.00 
C79,67 257276 0.00 
C79,68 241177 0.00 
C79,69 267108 0.00 
C79,70 268816 0.00 
C79,71 257141 0.00 
C79,72 235385 0.00 
C79,73 242808 0.00 
C79,74 283754 0.00 
C79,75 283054 0.00 
C79,76 262936 0.00 
C79,77 255665 0.00 
C79,78 261902 0.00 
C79,79 277136 0.00 
C79,80 247763 0.00 
C79,81 250087 0.00 
C79,82 289677 0.00 
C79,83 260526 0.00 
C79,84 241084 0.00 
C79,85 256401 0.00 
C79,86 231782 0.00 
C79,87 233110 0.00 
C79,88 264294 0.00 
C79,89 264388 0.00 
C79,90 250609 0.00 
C79,91 271532 0.00 
C79,92 253141 0.00 
C79,93 244081 0.00 
C79,94 270052 0.00 
C79,95 268958 0.00 
C79,96 255185 0.00 
C79,97 212059 0.00 
C79,98 278073 0.00 
C79,99 226555 0.00 
C79,100 252224 0.00 
C80,1 299238 0.00 
C80,2 270058 0.00 
C80,3 280268 0.00 
C80,4 281016 0.00 
C80,5 277967 0.00 
C80,6 265407 0.00 
C80,7 260855 0.00 
C80,8 241145 0.00 
C80,9 267504 0.00 
C80,10 280098 0.00 
C80,11 285674 0.00 
C80,12 262276 0.00 
C80,13 272125 0.00 
C80,14 287964 0.00 
C80,15 260817 0.00 
C80,16 272727 0.00 
C80,17 268173 0.00 
C80,18 269737 0.00 
C80,19 265552 0.00 
C80,20 260942 0.00 
C80,21 237237 0.00 
C80,22 268025 0.00 
C80,23 264261 0.00 
C80,24 246482 0.00 
C80,25 249013 0.00 
C80,26 249202 0.00 
C80,27 301214 0.00 
C80,28 277621 0.00 
C80,29 273808 0.00 
C80,30 272720 0.00 
C80,31 270179 0.00 
C80,32 232305 0.00 
C80,33 301204 0.00 
C80,34 302108 0.00 
C80,35 270211 0.00 
C80,36 258300 0.00 
C80,37 283468 0.00 
C80,38 274490 0.00 
C80,39 249640 0.00 
C80,40 277153 0.00 
C80,41 298446 0.00 
C80,42 269431 0.00 
C80,43 254407 0.00 
C80,44 253456 0.00 
C80,45 283142 0.00 
C80,46 269619 0.00 
C80,47 256180 0.00 
C80,48 296327 0.00 
C80,49 253036 0.00 
C80,50 268397 0.00 
C80,51 263707 0.00 
C80,52 258409 0.00 
C80,53 269635 0.00 
C80,54 280122 0.00 
C80,55 227495 0.00 
C80,56 282783 0.00 
C80,57 268427 0.00 
C80,58 251460 0.00 
C80,59 291199 0.00 
C80,60 273218 0.00 
C80,61 241064 0.00 
C80,62 262405 0.00 
C80,63 275489 0.00 
C80,64 256987 0.00 
C80,65 245803 0.00 
C80,66 263474 0.00 
C80,67 265837 0.00 
C80,68 252543 0.00 
C80,69 245878 0.00 
C80,70 273205 0.00 
C80,71 260721 0.00 
C80,72 253792 0.00 
C80,73 239853 0.00 
C80,74 295306 0.00 
C80,75 318848 0.00 
C80,76 262369 0.00 
C80,77 252400 0.00 
C80,78 263659 0.00 
C80,79 280998 0.00 
C80,80 268128 0.00 
C80,81 263769 0.00 
C80,82 286579 0.00 
C80,83 252755 0.00 
C80,84 256245 0.00 
C80,85 265599 0.00 
C80,86 246119 0.00 
C80,87 259847 0.00 
C80,88 274880 0.00 
C80,89 272264 0.00 
C80,90 276955 0.00 
C80,91 273974 0.00 
C80,92 255410 0.00 
C80,93 269671 0.00 
C80,94 271131 0.00 
C80,95 281578 0.00 
C80,96 265150 0.00 
C80,97 238857 0.00 
C80,98 283151 0.00 
C80,99 241222 0.00 
C80,100 256729 0.00 
C81,1 302965 0.00 
C81,2 241216 0.00 
C81,3 258027 0.00 
C81,4 252269 0.00 
C81,5 275393 0.00 
C81,6 276293 0.00 
C81,7 257447 0.00 
C81,8 240867 0.00 
C81,9 274684 0.00 
C81,10 279761 0.00 
C81,11 272401 0.00 
C81,12 258430 0.00 
C81,13 268512 0.00 
C81,14 285714 0.00 
C81,15 236776 0.00 
C81,16 243256 0.00 
C81,17 255951 0.00 
C81,18 267040 0.00 
C81,19 258499 0.00 
C81,20 242051 0.00 
C81,21 251949 0.00 
C81,22 251531 0.00 
C81,23 257052 0.00 
C81,24 232178 0.00 
C81,25 223080 0.00 
C81,26 234435 0.00 
C81,27 270139 0.00 
C81,28 288703 0.00 
C81,29 262634 0.00 
C81,30 276139 0.00 
C81,31 287096 0.00 
C81,32 245241 0.00 
C81,33 277016 0.00 
C81,34 277153 0.00 
C81,35 268065 0.00 
C81,36 249008 0.00 
C81,37 275893 0.00 
C81,38 262885 0.00 
C81,39 248796 0.00 
C81,40 256438 0.00 
C81,41 297080 0.00 
C81,42 269643 0.00 
C81,43 241101 0.00 
C81,44 259288 0.00 
C81,45 273468 0.00 
C81,46 258384 0.00 
C81,47 266346 0.00 
C81,48 294838 0.00 
C81,49 250895 0.00 
C81,50 265918 0.00 
C81,51 246713 0.00 
C81,52 238828 0.00 
C81,53 265046 0.00 
C81,54 269514 0.00 
C81,55 245264 0.00 
C81,56 293699 0.00 
C81,57 266736 0.00 
C81,58 250084 0.00 
C81,59 256415 0.00 
C81,60 233319 0.00 
C81,61 235988 0.00 
C81,62 272722 0.00 
C81,63 254645 0.00 
C81,64 243992 0.00 
C81,65 239739 0.00 
C81,66 258925 0.00 
C81,67 240766 0.00 
C81,68 243982 0.00 
C81,69 259469 0.00 
C81,70 256543 0.00 
C81,71 277074 0.00 
C81,72 241334 0.00 
C81,73 234654 0.00 
C81,74 273447 0.00 
C81,75 299749 0.00 
C81,76 269972 0.00 
C81,77 262477 0.00 
C81,78 261946 0.00 
C81,79 263308 0.00 
C81,80 240314 0.00 
C81,81 236513 0.00 
C81,82 305316 0.00 
C81,83 241536 0.00 
C81,84 250018 0.00 
C81,85 272962 0.00 
C81,86 228275 0.00 
C81,87 245571 0.00 
C81,88 270662 0.00 
C81,89 265108 0.00 
C81,90 272380 0.00 
C81,91 265584 0.00 
C81,92 238996 0.00 
C81,93 253040 0.00 
C81,94 270819 0.00 
C81,95 277698 0.00 
C81,96 259209 0.00 
C81,97 213977 0.00 
C81,98 280170 0.00 
C81,99 219865 0.00 
C81,100 239802 0.00 
C82,1 286446 0.00 
C82,2 227375 0.00 
C82,3 267559 0.00 
C82,4 262409 0.00 
C82,5 270516 0.00 
C82,6 254797 0.00 
C82,7 256654 0.00 
C82,8 230512 0.00 
C82,9 261029 0.00 
C82,10 285418 0.00 
C82,11 259530 0.00 
C82,12 245738 0.00 
C82,13 238889 0.00 
C82,14 275561 0.00 
C82,15 238489 0.00 
C82,16 243026 0.00 
C82,17 256213 0.00 
C82,18 245573 0.00 
C82,19 263547 0.00 
C82,20 235652 0.00 
C82,21 236722 0.00 
C82,22 258415 0.00 
C82,23 243755 0.00 
C82,24 228339 0.00 
C82,25 229906 0.00 
C82,26 236772 0.00 
C82,27 267455 0.00 
C82,28 259477 0.00 
C82,29 243117 0.00 
C82,30 253230 0.00 
C82,31 264292 0.00 
C82,32 235516 0.00 
C82,33 265177 0.00 
C82,34 274494 0.00 
C82,35 257694 0.00 
C82,36 250815 0.00 
C82,37 262727 0.00 
C82,38 245944 0.00 
C82,39 244422 0.00 
C82,40 256422 0.00 
C82,41 279699 0.00 
C82,42 249836 0.00 
C82,43 237588 0.00 
C82,44 237034 0.00 
C82,45 278386 0.00 
C82,46 260503 0.00 
C82,47 255586 0.00 
C82,48 269644 0.00 
C82,49 227772 0.00 
C82,50 256026 0.00 
C82,51 248530 0.00 
C82,52 229872 0.00 
C82,53 245222 0.00 
C82,54 271340 0.00 
C82,55 232037 0.00 
C82,56 277883 0.00 
C82,57 249229 0.00 
C82,58 248775 0.00 
C82,59 263107 0.00 
C82,60 241781 0.00 
C82,61 222569 0.00 
C82,62 256515 0.00 
C82,63 252787 0.00 
C82,64 248907 0.00 
C82,65 239619 0.00 
C82,66 269259 0.00 
C82,67 236895 0.00 
C82,68 243950 0.00 
C82,69 248956 0.00 
C82,70 260616 0.00 
C82,71 250014 0.00 
C82,72 243837 0.00 
C82,73 226203 0.00 
C82,74 273351 0.00 
C82,75 258513 0.00 
C82,76 271879 0.00 
C82,77 242527 0.00 
C82,78 252743 0.00 
C82,79 275526 0.00 
C82,80 231346 0.00 
C82,81 243329 0.00 
C82,82 284464 0.00 
C82,83 230883 0.00 
C82,84 244459 0.00 
C82,85 253729 0.00 
C82,86 221303 0.00 
C82,87 238690 0.00 
C82,88 270223 0.00 
C82,89 257421 0.00 
C82,90 269776 0.00 
C82,91 260688 0.00 
C82,92 225360 0.00 
C82,93 246935 0.00 
C82,94 268264 0.00 
C82,95 275281 0.00 
C82,96 256377 0.00 
C82,97 215603 0.00 
C82,98 262031 0.00 
C82,99 230558 0.00 
C82,100 235544 0.00 
C83,1 286194 0.00 
C83,2 244885 0.00 
C83,3 275040 0.00 
C83,4 265014 0.00 
C83,5 273422 0.00 
C83,6 276682 0.00 
C83,7 268954 0.00 
C83,8 235120 0.00 
C83,9 258767 0.00 
C83,10 281874 0.00 
C83,11 297499 0.00 
C83,12 255498 0.00 
C83,13 271337 0.00 
C83,14 284155 0.00 
C83,15 242711 0.00 
C83,16 259045 0.00 
C83,17 256895 0.00 
C83,18 272421 0.00 
C83,19 266186 0.00 
C83,20 254437 0.00 
C83,21 239200 0.00 
C83,22 261165 0.00 
C83,23 262508 0.00 
C83,24 216080 0.00 
C83,25 239976 0.00 
C83,26 235206 0.00 
C83,27 284357 0.00 
C83,28 278728 0.00 
C83,29 278792 0.00 
C83,30 272074 0.00 
C83,31 266650 0.00 
C83,32 247553 0.00 
C83,33 293793 0.00 
C83,34 287346 0.00 
C83,35 267447 0.00 
C83,36 253596 0.00 
C83,37 290197 0.00 
C83,38 273402 0.00 
C83,39 253162 0.00 
C83,40 270129 0.00 
C83,41 287108 0.00 
C83,42 272576 0.00 
C83,43 234513 0.00 
C83,44 251648 0.00 
C83,45 279891 0.00 
C83,46 269752 0.00 
C83,47 269014 0.00 
C83,48 290926 0.00 
C83,49 245708 0.00 
C83,50 271479 0.00 
C83,51 257007 0.00 
C83,52 248876 0.00 
C83,53 272652 0.00 
C83,54 293853 0.00 
C83,55 227739 0.00 
C83,56 261664 0.00 
C83,57 254202 0.00 
C83,58 252967 0.00 
C83,59 281879 0.00 
C83,60 257556 0.00 
C83,61 223944 0.00 
C83,62 273326 0.00 
C83,63 249011 0.00 
C83,64 238431 0.00 
C83,65 249364 0.00 
C83,66 278501 0.00 
C83,67 241706 0.00 
C83,68 280502 0.00 
C83,69 249386 0.00 
C83,70 260152 0.00 
C83,71 268371 0.00 
C83,72 273047 0.00 
C83,73 245503 0.00 
C83,74 291369 0.00 
C83,75 290384 0.00 
C83,76 249688 0.00 
C83,77 244337 0.00 
C83,78 273616 0.00 
C83,79 295215 0.00 
C83,80 249296 0.00 
C83,81 252171 0.00 
C83,82 299212 0.00 
C83,83 248687 0.00 
C83,84 255947 0.00 
C83,85 274406 0.00 
C83,86 244704 0.00 
C83,87 248008 0.00 
C83,88 275971 0.00 
C83,89 276239 0.00 
C83,90 277104 0.00 
C83,91 283098 0.00 
C83,92 257453 0.00 
C83,93 252452 0.00 
C83,94 277752 0.00 
C83,95 258761 0.00 
C83,96 264934 0.00 
C83,97 233946 0.00 
C83,98 285524 0.00 
C83,99 230816 0.00 
C83,100 271261 0.00 
C84,1 281205 0.00 
C84,2 245796 0.00 
C84,3 275790 0.00 
C84,4 258576 0.00 
C84,5 248938 0.00 
C84,6 240739 0.00 
C84,7 248765 0.00 
C84,8 228320 0.00 
C84,9 267643 0.00 
C84,10 277957 0.00 
C84,11 281136 0.00 
C84,12 229056 0.00 
C84,13 251404 0.00 
C84,14 276883 0.00 
C84,15 243451 0.00 
C84,16 242336 0.00 
C84,17 250601 0.00 
C84,18 248319 0.00 
C84,19 243094 0.00 
C84,20 224470 0.00 
C84,21 244748 0.00 
C84,22 256986 0.00 
C84,23 244028 0.00 
C84,24 230768 0.00 
C84,25 230118 0.00 
C84,26 228675 0.00 
C84,27 262769 0.00 
C84,28 259311 0.00 
C84,29 265974 0.00 
C84,30 247449 0.00 
C84,31 258420 0.00 
C84,32 231642 0.00 
C84,33 272989 0.00 
C84,34 283514 0.00 
C84,35 253262 0.00 
C84,36 236728 0.00 
C84,37 266742 0.00 
C84,38 247867 0.00 
C84,39 224904 0.00 
C84,40 250925 0.00 
C84,41 260536 0.00 
C84,42 250918 0.00 
C84,43 233638 0.00 
C84,44 244414 0.00 
C84,45 269384 0.00 
C84,46 249702 0.00 
C84,47 249694 0.00 
C84,48 252043 0.00 
C84,49 239253 0.00 
C84,50 247982 0.00 
C84,51 250248 0.00 
C84,52 239401 0.00 
C84,53 260586 0.00 
C84,54 272176 0.00 
C84,55 227408 0.00 
C84,56 270448 0.00 
C84,57 245307 0.00 
C84,58 248372 0.00 
C84,59 264674 0.00 
C84,60 245445 0.00 
C84,61 230341 0.00 
C84,62 260279 0.00 
C84,63 249583 0.00 
C84,64 227722 0.00 
C84,65 231394 0.00 
C84,66 268717 0.00 
C84,67 223484 0.00 
C84,68 273288 0.00 
C84,69 243342 0.00 
C84,70 256271 0.00 
C84,71 255575 0.00 
C84,72 239396 0.00 
C84,73 233951 0.00 
C84,74 284104 0.00 
C84,75 277620 0.00 
C84,76 251194 0.00 
C84,77 233159 0.00 
C84,78 244535 0.00 
C84,79 261627 0.00 
C84,80 253651 0.00 
C84,81 253969 0.00 
C84,82 258439 0.00 
C84,83 247423 0.00 
C84,84 220094 0.00 
C84,85 251294 0.00 
C84,86 230677 0.00 
C84,87 254129 0.00 
C84,88 253461 0.00 
C84,89 254386 0.00 
C84,90 256901 0.00 
C84,91 260801 0.00 
C84,92 230354 0.00 
C84,93 241366 0.00 
C84,94 271139 0.00 
C84,95 265661 0.00 
C84,96 235465 0.00 
C84,97 228557 0.00 
C84,98 275634 0.00 
C84,99 232988 0.00 
C84,100 246620 0.00 
C85,1 241878 0.00 
C85,2 211276 0.00 
C85,3 241547 0.00 
C85,4 227269 0.00 
C85,5 229498 0.00 
C85,6 217570 0.00 
C85,7 212199 0.00 
C85,8 201097 0.00 
C85,9 231785 0.00 
C85,10 226802 0.00 
C85,11 228303 0.00 
C85,12 222907 0.00 
C85,13 214196 0.00 
C85,14 236116 0.00 
C85,15 199767 0.00 
C85,16 202728 0.00 
C85,17 207039 0.00 
C85,18 208579 0.00 
C85,19 211954 0.00 
C85,20 205051 0.00 
C85,21 207435 0.00 
C85,22 213769 0.00 
C85,23 216743 0.00 
C85,24 189752 0.00 
C85,25 189283 0.00 
C85,26 213019 0.00 
C85,27 228176 0.00 
C85,28 218317 0.00 
C85,29 202227 0.00 
C85,30 221216 0.00 
C85,31 221980 0.00 
C85,32 209678 0.00 
C85,33 255230 0.00 
C85,34 229686 0.00 
C85,35 226034 0.00 
C85,36 199498 0.00 
C85,37 246338 0.00 
C85,38 228825 0.00 
C85,39 205885 0.00 
C85,40 227076 0.00 
C85,41 230648 0.00 
C85,42 217194 0.00 
C85,43 191190 0.00 
C85,44 195399 0.00 
C85,45 225007 0.00 
C85,46 203355 0.00 
C85,47 225488 0.00 
C85,48 236179 0.00 
C85,49 197346 0.00 
C85,50 218346 0.00 
C85,51 204757 0.00 
C85,52 210461 0.00 
C85,53 206647 0.00 
C85,54 235425 0.00 
C85,55 196226 0.00 
C85,56 218674 0.00 
C85,57 216419 0.00 
C85,58 203384 0.00 
C85,59 237038 0.00 
C85,60 209746 0.00 
C85,61 194416 0.00 
C85,62 211382 0.00 
C85,63 209541 0.00 
C85,64 206104 0.00 
C85,65 195071 0.00 
C85,66 222079 0.00 
C85,67 218720 0.00 
C85,68 203352 0.00 
C85,69 198685 0.00 
C85,70 224899 0.00 
C85,71 226141 0.00 
C85,72 202832 0.00 
C85,73 192096 0.00 
C85,74 243086 0.00 
C85,75 235325 0.00 
C85,76 198314 0.00 
C85,77 213241 0.00 
C85,78 215775 0.00 
C85,79 226345 0.00 
C85,80 217334 0.00 
C85,81 207893 0.00 
C85,82 245540 0.00 
C85,83 205045 0.00 
C85,84 201509 0.00 
C85,85 215183 0.00 
C85,86 192114 0.00 
C85,87 215533 0.00 
C85,88 223937 0.00 
C85,89 228535 0.00 
C85,90 228810 0.00 
C85,91 228939 0.00 
C85,92 199930 0.00 
C85,93 209434 0.00 
C85,94 233694 0.00 
C85,95 237475 0.00 
C85,96 205392 0.00 
C85,97 187325 0.00 
C85,98 216698 0.00 
C85,99 178765 0.00 
C85,100 203676 0.00 
C86,1 248973 0.00 
C86,2 229982 0.00 
C86,3 227641 0.00 
C86,4 243874 0.00 
C86,5 243827 0.00 
C86,6 229061 0.00 
C86,7 243176 0.00 
C86,8 218246 0.00 
C86,9 244585 0.00 
C86,10 250187 0.00 
C86,11 253642 0.00 
C86,12 222211 0.00 
C86,13 240128 0.00 
C86,14 259130 0.00 
C86,15 212636 0.00 
C86,16 225295 0.00 
C86,17 231104 0.00 
C86,18 228857 0.00 
C86,19 235531 0.00 
C86,20 218055 0.00 
C86,21 208862 0.00 
C86,22 227925 0.00 
C86,23 225591 0.00 
C86,24 206060 0.00 
C86,25 200974 0.00 
C86,26 211030 0.00 
C86,27 248904 0.00 
C86,28 234818 0.00 
C86,29 239889 0.00 
C86,30 229069 0.00 
C86,31 237284 0.00 
C86,32 201808 0.00 
C86,33 252992 0.00 
C86,34 248700 0.00 
C86,35 237321 0.00 
C86,36 209485 0.00 
C86,37 243476 0.00 
C86,38 232692 0.00 
C86,39 208975 0.00 
C86,40 245724 0.00 
C86,41 250156 0.00 
C86,42 228370 0.00 
C86,43 217051 0.00 
C86,44 217992 0.00 
C86,45 242313 0.00 
C86,46 230832 0.00 
C86,47 229559 0.00 
C86,48 251851 0.00 
C86,49 223832 0.00 
C86,50 236911 0.00 
C86,51 240295 0.00 
C86,52 213955 0.00 
C86,53 228062 0.00 
C86,54 239784 0.00 
C86,55 215796 0.00 
C86,56 234527 0.00 
C86,57 235469 0.00 
C86,58 234904 0.00 
C86,59 243817 0.00 
C86,60 213910 0.00 
C86,61 203074 0.00 
C86,62 253383 0.00 
C86,63 232733 0.00 
C86,64 233454 0.00 
C86,65 217689 0.00 
C86,66 232683 0.00 
C86,67 229675 0.00 
C86,68 216211 0.00 
C86,69 224920 0.00 
C86,70 234991 0.00 
C86,71 237856 0.00 
C86,72 215064 0.00 
C86,73 204535 0.00 
C86,74 253381 0.00 
C86,75 263657 0.00 
C86,76 230536 0.00 
C86,77 218076 0.00 
C86,78 230118 0.00 
C86,79 242951 0.00 
C86,80 219439 0.00 
C86,81 205619 0.00 
C86,82 261077 0.00 
C86,83 235515 0.00 
C86,84 222890 0.00 
C86,85 239893 0.00 
C86,86 190960 0.00 
C86,87 226895 0.00 
C86,88 233597 0.00 
C86,89 240448 0.00 
C86,90 246406 0.00 
C86,91 251094 0.00 
C86,92 232998 0.00 
C86,93 225126 0.00 
C86,94 243943 0.00 
C86,95 246274 0.00 
C86,96 228097 0.00 
C86,97 188334 0.00 
C86,98 222981 0.00 
C86,99 206492 0.00 
C86,100 211881 0.00 
C87,1 273136 0.00 
C87,2 231332 0.00 
C87,3 257025 0.00 
C87,4 266056 0.00 
C87,5 271890 0.00 
C87,6 270410 0.00 
C87,7 240887 0.00 
C87,8 232360 0.00 
C87,9 262934 0.00 
C87,10 255680 0.00 
C87,11 278058 0.00 
C87,12 257456 0.00 
C87,13 245823 0.00 
C87,14 254217 0.00 
C87,15 254342 0.00 
C87,16 245452 0.00 
C87,17 266595 0.00 
C87,18 262160 0.00 
C87,19 241851 0.00 
C87,20 231179 0.00 
C87,21 231629 0.00 
C87,22 247101 0.00 
C87,23 249533 0.00 
C87,24 228377 0.00 
C87,25 226463 0.00 
C87,26 238246 0.00 
C87,27 263855 0.00 
C87,28 279116 0.00 
C87,29 258551 0.00 
C87,30 251773 0.00 
C87,31 266206 0.00 
C87,32 227231 0.00 
C87,33 268569 0.00 
C87,34 272494 0.00 
C87,35 252803 0.00 
C87,36 224597 0.00 
C87,37 263046 0.00 
C87,38 266150 0.00 
C87,39 240275 0.00 
C87,40 251376 0.00 
C87,41 278618 0.00 
C87,42 268766 0.00 
C87,43 235396 0.00 
C87,44 241665 0.00 
C87,45 282018 0.00 
C87,46 251464 0.00 
C87,47 251800 0.00 
C87,48 282886 0.00 
C87,49 252543 0.00 
C87,50 262286 0.00 
C87,51 262220 0.00 
C87,52 241003 0.00 
C87,53 259779 0.00 
C87,54 256280 0.00 
C87,55 222683 0.00 
C87,56 273515 0.00 
C87,57 265978 0.00 
C87,58 240122 0.00 
C87,59 271617 0.00 
C87,60 246972 0.00 
C87,61 206569 0.00 
C87,62 252333 0.00 
C87,63 261138 0.00 
C87,64 231647 0.00 
C87,65 237017 0.00 
C87,66 261918 0.00 
C87,67 243677 0.00 
C87,68 250936 0.00 
C87,69 251868 0.00 
C87,70 254950 0.00 
C87,71 243066 0.00 
C87,72 239429 0.00 
C87,73 233266 0.00 
C87,74 280506 0.00 
C87,75 299604 0.00 
C87,76 256062 0.00 
C87,77 243503 0.00 
C87,78 259054 0.00 
C87,79 268576 0.00 
C87,80 251450 0.00 
C87,81 228250 0.00 
C87,82 275592 0.00 
C87,83 227226 0.00 
C87,84 233307 0.00 
C87,85 246216 0.00 
C87,86 239752 0.00 
C87,87 228554 0.00 
C87,88 252116 0.00 
C87,89 257787 0.00 
C87,90 266758 0.00 
C87,91 249095 0.00 
C87,92 237907 0.00 
C87,93 245348 0.00 
C87,94 264930 0.00 
C87,95 264594 0.00 
C87,96 248991 0.00 
C87,97 222982 0.00 
C87,98 285895 0.00 
C87,99 214301 0.00 
C87,100 238509 0.00 
