100 100
C26,1 246894 0.00 
C26,2 207645 0.00 
C26,3 258957 0.00 
C26,4 255168 0.00 
C26,5 238246 0.00 
C26,6 228262 0.00 
C26,7 235933 0.00 
C26,8 220720 0.00 
C26,9 244533 0.00 
C26,10 258622 0.00 
C26,11 241985 0.00 
C26,12 224386 0.00 
C26,13 223882 0.00 
C26,14 272102 0.00 
C26,15 208267 0.00 
C26,16 248928 0.00 
C26,17 229761 0.00 
C26,18 236573 0.00 
C26,19 239209 0.00 
C26,20 227607 0.00 
C26,21 218727 0.00 
C26,22 243999 0.00 
C26,23 228093 0.00 
C26,24 212854 0.00 
C26,25 194128 0.00 
C26,26 222811 0.00 
C26,27 262422 0.00 
C26,28 238521 0.00 
C26,29 251030 0.00 
C26,30 230273 0.00 
C26,31 231970 0.00 
C26,32 224384 0.00 
C26,33 254516 0.00 
C26,34 261406 0.00 
C26,35 247646 0.00 
C26,36 214462 0.00 
C26,37 251477 0.00 
C26,38 234540 0.00 
C26,39 234489 0.00 
C26,40 238796 0.00 
C26,41 251914 0.00 
C26,42 231143 0.00 
C26,43 214177 0.00 
C26,44 234502 0.00 
C26,45 264503 0.00 
C26,46 242222 0.00 
C26,47 217857 0.00 
C26,48 263332 0.00 
C26,49 230003 0.00 
C26,50 241479 0.00 
C26,51 231116 0.00 
C26,52 221247 0.00 
C26,53 227104 0.00 
C26,54 260423 0.00 
C26,55 210669 0.00 
C26,56 230388 0.00 
C26,57 248164 0.00 
C26,58 238970 0.00 
C26,59 261395 0.00 
C26,60 212891 0.00 
C26,61 207020 0.00 
C26,62 234050 0.00 
C26,63 236162 0.00 
C26,64 217704 0.00 
C26,65 230213 0.00 
C26,66 254995 0.00 
C26,67 225849 0.00 
C26,68 220243 0.00 
C26,69 226977 0.00 
C26,70 232272 0.00 
C26,71 239107 0.00 
C26,72 221074 0.00 
C26,73 218286 0.00 
C26,74 264493 0.00 
C26,75 261090 0.00 
C26,76 249921 0.00 
C26,77 216102 0.00 
C26,78 236191 0.00 
C26,79 271310 0.00 
C26,80 218948 0.00 
C26,81 223601 0.00 
C26,82 273705 0.00 
C26,83 223659 0.00 
C26,84 231969 0.00 
C26,85 224829 0.00 
C26,86 208030 0.00 
C26,87 245038 0.00 
C26,88 245262 0.00 
C26,89 219570 0.00 
C26,90 246367 0.00 
C26,91 255744 0.00 
C26,92 218651 0.00 
C26,93 227154 0.00 
C26,94 242128 0.00 
C26,95 236870 0.00 
C26,96 228385 0.00 
C26,97 204959 0.00 
C26,98 244993 0.00 
C26,99 215786 0.00 
C26,100 224513 0.00 
C27,1 282279 0.00 
C27,2 234724 0.00 
C27,3 268631 0.00 
C27,4 249722 0.00 
C27,5 250165 0.00 
C27,6 252842 0.00 
C27,7 228945 0.00 
C27,8 224261 0.00 
C27,9 254830 0.00 
C27,10 247352 0.00 
C27,11 270301 0.00 
C27,12 242846 0.00 
C27,13 233987 0.00 
C27,14 266964 0.00 
C27,15 219472 0.00 
C27,16 254834 0.00 
C27,17 244987 0.00 
C27,18 244767 0.00 
C27,19 240519 0.00 
C27,20 234129 0.00 
C27,21 222324 0.00 
C27,22 250603 0.00 
C27,23 232730 0.00 
C27,24 224582 0.00 
C27,25 210262 0.00 
C27,26 228348 0.00 
C27,27 262924 0.00 
C27,28 272248 0.00 
C27,29 234478 0.00 
C27,30 244431 0.00 
C27,31 256067 0.00 
C27,32 227802 0.00 
C27,33 260685 0.00 
C27,34 272341 0.00 
C27,35 271941 0.00 
C27,36 227056 0.00 
C27,37 263543 0.00 
C27,38 256710 0.00 
C27,39 235726 0.00 
C27,40 245559 0.00 
C27,41 267465 0.00 
C27,42 251075 0.00 
C27,43 229382 0.00 
C27,44 235251 0.00 
C27,45 269849 0.00 
C27,46 237980 0.00 
C27,47 237534 0.00 
C27,48 283039 0.00 
C27,49 225152 0.00 
C27,50 260181 0.00 
C27,51 238450 0.00 
C27,52 218699 0.00 
C27,53 253135 0.00 
C27,54 261101 0.00 
C27,55 223736 0.00 
C27,56 261201 0.00 
C27,57 255465 0.00 
C27,58 244371 0.00 
C27,59 258809 0.00 
C27,60 221066 0.00 
C27,61 224214 0.00 
C27,62 244952 0.00 
C27,63 245336 0.00 
C27,64 217707 0.00 
C27,65 232819 0.00 
C27,66 258322 0.00 
C27,67 240471 0.00 
C27,68 240169 0.00 
C27,69 234525 0.00 
C27,70 234508 0.00 
C27,71 253227 0.00 
C27,72 236739 0.00 
C27,73 234216 0.00 
C27,74 261478 0.00 
C27,75 283167 0.00 
C27,76 244572 0.00 
C27,77 235901 0.00 
C27,78 258045 0.00 
C27,79 252864 0.00 
C27,80 233113 0.00 
C27,81 239846 0.00 
C27,82 280385 0.00 
C27,83 225171 0.00 
C27,84 238610 0.00 
C27,85 237592 0.00 
C27,86 229444 0.00 
C27,87 248923 0.00 
C27,88 248795 0.00 
C27,89 246755 0.00 
C27,90 264215 0.00 
C27,91 260975 0.00 
C27,92 222382 0.00 
C27,93 242618 0.00 
C27,94 250386 0.00 
C27,95 269241 0.00 
C27,96 231167 0.00 
C27,97 204861 0.00 
C27,98 270325 0.00 
C27,99 216252 0.00 
C27,100 226634 0.00 
C28,1 276516 0.00 
C28,2 223079 0.00 
C28,3 254912 0.00 
C28,4 249053 0.00 
C28,5 242417 0.00 
C28,6 255750 0.00 
C28,7 243016 0.00 
C28,8 226853 0.00 
C28,9 261870 0.00 
C28,10 255478 0.00 
C28,11 263801 0.00 
C28,12 243333 0.00 
C28,13 241866 0.00 
C28,14 270867 0.00 
C28,15 248783 0.00 
C28,16 246202 0.00 
C28,17 245679 0.00 
C28,18 262285 0.00 
C28,19 247660 0.00 
C28,20 219800 0.00 
C28,21 230236 0.00 
C28,22 251456 0.00 
C28,23 231249 0.00 
C28,24 218800 0.00 
C28,25 220444 0.00 
C28,26 243659 0.00 
C28,27 267432 0.00 
C28,28 269788 0.00 
C28,29 255002 0.00 
C28,30 239289 0.00 
C28,31 256445 0.00 
C28,32 232476 0.00 
C28,33 271280 0.00 
C28,34 270774 0.00 
C28,35 256943 0.00 
C28,36 237855 0.00 
C28,37 265372 0.00 
C28,38 243167 0.00 
C28,39 229533 0.00 
C28,40 240782 0.00 
C28,41 257417 0.00 
C28,42 250580 0.00 
C28,43 231245 0.00 
C28,44 241316 0.00 
C28,45 266105 0.00 
C28,46 242651 0.00 
C28,47 244626 0.00 
C28,48 276335 0.00 
C28,49 227887 0.00 
C28,50 238407 0.00 
C28,51 237965 0.00 
C28,52 229427 0.00 
C28,53 242630 0.00 
C28,54 255905 0.00 
C28,55 222544 0.00 
C28,56 267929 0.00 
C28,57 255562 0.00 
C28,58 234331 0.00 
C28,59 262432 0.00 
C28,60 243914 0.00 
C28,61 218583 0.00 
C28,62 249740 0.00 
C28,63 241265 0.00 
C28,64 220950 0.00 
C28,65 238900 0.00 
C28,66 258308 0.00 
C28,67 239327 0.00 
C28,68 241570 0.00 
C28,69 242889 0.00 
C28,70 253742 0.00 
C28,71 239858 0.00 
C28,72 248237 0.00 
C28,73 233212 0.00 
C28,74 258428 0.00 
C28,75 278975 0.00 
C28,76 241367 0.00 
C28,77 227295 0.00 
C28,78 253649 0.00 
C28,79 259281 0.00 
C28,80 232448 0.00 
C28,81 238598 0.00 
C28,82 273391 0.00 
C28,83 229662 0.00 
C28,84 227715 0.00 
C28,85 224864 0.00 
C28,86 230478 0.00 
C28,87 233899 0.00 
C28,88 259861 0.00 
C28,89 240898 0.00 
C28,90 255653 0.00 
C28,91 244023 0.00 
C28,92 222647 0.00 
C28,93 230012 0.00 
C28,94 255906 0.00 
C28,95 260317 0.00 
C28,96 252397 0.00 
C28,97 204794 0.00 
C28,98 256086 0.00 
C28,99 218423 0.00 
C28,100 236509 0.00 
C29,1 279151 0.00 
C29,2 253894 0.00 
C29,3 284757 0.00 
C29,4 280656 0.00 
C29,5 281475 0.00 
C29,6 266267 0.00 
C29,7 278657 0.00 
C29,8 243502 0.00 
C29,9 268805 0.00 
C29,10 294024 0.00 
C29,11 287835 0.00 
C29,12 262321 0.00 
C29,13 273433 0.00 
C29,14 302059 0.00 
C29,15 256613 0.00 
C29,16 281858 0.00 
C29,17 279953 0.00 
C29,18 279407 0.00 
C29,19 269074 0.00 
C29,20 243355 0.00 
C29,21 260386 0.00 
C29,22 285771 0.00 
C29,23 265069 0.00 
C29,24 242277 0.00 
C29,25 237764 0.00 
C29,26 231886 0.00 
C29,27 294631 0.00 
C29,28 270176 0.00 
C29,29 281562 0.00 
C29,30 261188 0.00 
C29,31 268375 0.00 
C29,32 248653 0.00 
C29,33 290209 0.00 
C29,34 284659 0.00 
C29,35 273473 0.00 
C29,36 251707 0.00 
C29,37 288429 0.00 
C29,38 262552 0.00 
C29,39 268193 0.00 
C29,40 272354 0.00 
C29,41 291262 0.00 
C29,42 278043 0.00 
C29,43 248263 0.00 
C29,44 265435 0.00 
C29,45 298244 0.00 
C29,46 270187 0.00 
C29,47 255998 0.00 
C29,48 285928 0.00 
C29,49 269234 0.00 
C29,50 259125 0.00 
C29,51 266145 0.00 
C29,52 259641 0.00 
C29,53 273978 0.00 
C29,54 287767 0.00 
C29,55 239771 0.00 
C29,56 280525 0.00 
C29,57 269488 0.00 
C29,58 260552 0.00 
C29,59 285372 0.00 
C29,60 249923 0.00 
C29,61 236698 0.00 
C29,62 277350 0.00 
C29,63 281199 0.00 
C29,64 232687 0.00 
C29,65 251969 0.00 
C29,66 270367 0.00 
C29,67 261950 0.00 
C29,68 279962 0.00 
C29,69 250656 0.00 
C29,70 258439 0.00 
C29,71 257550 0.00 
C29,72 261079 0.00 
C29,73 252130 0.00 
C29,74 303262 0.00 
C29,75 299364 0.00 
C29,76 265470 0.00 
C29,77 254035 0.00 
C29,78 267640 0.00 
C29,79 278370 0.00 
C29,80 267268 0.00 
C29,81 260481 0.00 
C29,82 292701 0.00 
C29,83 250937 0.00 
C29,84 261304 0.00 
C29,85 258780 0.00 
C29,86 247868 0.00 
C29,87 244092 0.00 
C29,88 271225 0.00 
C29,89 274186 0.00 
C29,90 277535 0.00 
C29,91 298636 0.00 
C29,92 274891 0.00 
C29,93 270936 0.00 
C29,94 286586 0.00 
C29,95 282037 0.00 
C29,96 253085 0.00 
C29,97 234111 0.00 
C29,98 289539 0.00 
C29,99 227103 0.00 
C29,100 258141 0.00 
C30,1 301712 0.00 
C30,2 266878 0.00 
C30,3 286666 0.00 
C30,4 286800 0.00 
C30,5 295713 0.00 
C30,6 277035 0.00 
C30,7 272575 0.00 
C30,8 242198 0.00 
C30,9 283233 0.00 
C30,10 282792 0.00 
C30,11 284701 0.00 
C30,12 276954 0.00 
C30,13 257101 0.00 
C30,14 290938 0.00 
C30,15 241276 0.00 
C30,16 271882 0.00 
C30,17 266131 0.00 
C30,18 275957 0.00 
C30,19 266959 0.00 
C30,20 254617 0.00 
C30,21 263590 0.00 
C30,22 268115 0.00 
C30,23 264832 0.00 
C30,24 239730 0.00 
C30,25 225108 0.00 
C30,26 257029 0.00 
C30,27 283336 0.00 
C30,28 272384 0.00 
C30,29 271329 0.00 
C30,30 281184 0.00 
C30,31 277133 0.00 
C30,32 253952 0.00 
C30,33 297262 0.00 
C30,34 294778 0.00 
C30,35 278685 0.00 
C30,36 241942 0.00 
C30,37 298655 0.00 
C30,38 267497 0.00 
C30,39 256952 0.00 
C30,40 276969 0.00 
C30,41 300189 0.00 
C30,42 276917 0.00 
C30,43 244063 0.00 
C30,44 268161 0.00 
C30,45 294599 0.00 
C30,46 277286 0.00 
C30,47 266967 0.00 
C30,48 291063 0.00 
C30,49 269958 0.00 
C30,50 262561 0.00 
C30,51 261890 0.00 
C30,52 259432 0.00 
C30,53 271157 0.00 
C30,54 285885 0.00 
C30,55 229656 0.00 
C30,56 276197 0.00 
C30,57 282125 0.00 
C30,58 260409 0.00 
C30,59 300702 0.00 
C30,60 266148 0.00 
C30,61 229593 0.00 
C30,62 272535 0.00 
C30,63 283597 0.00 
C30,64 239708 0.00 
C30,65 255742 0.00 
C30,66 276880 0.00 
C30,67 248813 0.00 
C30,68 252829 0.00 
C30,69 259771 0.00 
C30,70 257329 0.00 
C30,71 273961 0.00 
C30,72 256218 0.00 
C30,73 238376 0.00 
C30,74 292140 0.00 
C30,75 307041 0.00 
C30,76 267273 0.00 
C30,77 270090 0.00 
C30,78 277312 0.00 
C30,79 289383 0.00 
C30,80 263965 0.00 
C30,81 248143 0.00 
C30,82 292563 0.00 
C30,83 258345 0.00 
C30,84 245829 0.00 
C30,85 265500 0.00 
C30,86 238506 0.00 
C30,87 254867 0.00 
C30,88 278675 0.00 
C30,89 273945 0.00 
C30,90 276984 0.00 
C30,91 287527 0.00 
C30,92 259635 0.00 
C30,93 266331 0.00 
C30,94 268331 0.00 
C30,95 302371 0.00 
C30,96 250443 0.00 
C30,97 225746 0.00 
C30,98 285123 0.00 
C30,99 242446 0.00 
C30,100 254649 0.00 
C31,1 262763 0.00 
C31,2 230251 0.00 
C31,3 247528 0.00 
C31,4 254817 0.00 
C31,5 266617 0.00 
C31,6 254585 0.00 
C31,7 236183 0.00 
C31,8 226900 0.00 
C31,9 253226 0.00 
C31,10 255210 0.00 
C31,11 263580 0.00 
C31,12 231237 0.00 
C31,13 230998 0.00 
C31,14 258301 0.00 
C31,15 226180 0.00 
C31,16 245680 0.00 
C31,17 251794 0.00 
C31,18 252290 0.00 
C31,19 235292 0.00 
C31,20 228955 0.00 
C31,21 252919 0.00 
C31,22 241765 0.00 
C31,23 240977 0.00 
C31,24 212917 0.00 
C31,25 205065 0.00 
C31,26 210967 0.00 
C31,27 258088 0.00 
C31,28 257277 0.00 
C31,29 246655 0.00 
C31,30 247907 0.00 
C31,31 260758 0.00 
C31,32 229894 0.00 
C31,33 256318 0.00 
C31,34 258398 0.00 
C31,35 255370 0.00 
C31,36 228955 0.00 
C31,37 260182 0.00 
C31,38 252381 0.00 
C31,39 227089 0.00 
C31,40 252014 0.00 
C31,41 259037 0.00 
C31,42 244444 0.00 
C31,43 225464 0.00 
C31,44 232171 0.00 
C31,45 260237 0.00 
C31,46 247737 0.00 
C31,47 235038 0.00 
C31,48 278962 0.00 
C31,49 231332 0.00 
C31,50 245539 0.00 
C31,51 234525 0.00 
C31,52 222733 0.00 
C31,53 230791 0.00 
C31,54 256588 0.00 
C31,55 219417 0.00 
C31,56 245282 0.00 
C31,57 257649 0.00 
C31,58 225208 0.00 
C31,59 258282 0.00 
C31,60 216660 0.00 
C31,61 207803 0.00 
C31,62 230974 0.00 
C31,63 241086 0.00 
C31,64 224551 0.00 
C31,65 214634 0.00 
C31,66 247306 0.00 
C31,67 233440 0.00 
C31,68 229475 0.00 
C31,69 223919 0.00 
C31,70 238118 0.00 
C31,71 239146 0.00 
C31,72 226787 0.00 
C31,73 224391 0.00 
C31,74 274759 0.00 
C31,75 274979 0.00 
C31,76 241124 0.00 
C31,77 238299 0.00 
C31,78 245383 0.00 
C31,79 248795 0.00 
C31,80 242018 0.00 
C31,81 228350 0.00 
C31,82 270190 0.00 
C31,83 226991 0.00 
C31,84 220785 0.00 
C31,85 240713 0.00 
C31,86 236106 0.00 
C31,87 243245 0.00 
C31,88 251082 0.00 
C31,89 254308 0.00 
C31,90 255020 0.00 
C31,91 258470 0.00 
C31,92 231678 0.00 
C31,93 253626 0.00 
C31,94 244981 0.00 
C31,95 260198 0.00 
C31,96 218202 0.00 
C31,97 214108 0.00 
C31,98 255660 0.00 
C31,99 218243 0.00 
C31,100 231677 0.00 
C32,1 257692 0.00 
C32,2 237517 0.00 
C32,3 267485 0.00 
C32,4 243465 0.00 
C32,5 249653 0.00 
C32,6 254760 0.00 
C32,7 245305 0.00 
C32,8 202736 0.00 
C32,9 247615 0.00 
C32,10 248287 0.00 
C32,11 263600 0.00 
C32,12 237490 0.00 
C32,13 239493 0.00 
C32,14 265041 0.00 
C32,15 220563 0.00 
C32,16 243664 0.00 
C32,17 260951 0.00 
C32,18 243617 0.00 
C32,19 228623 0.00 
C32,20 228672 0.00 
C32,21 229687 0.00 
C32,22 246398 0.00 
C32,23 256899 0.00 
C32,24 218019 0.00 
C32,25 230612 0.00 
C32,26 225430 0.00 
C32,27 253108 0.00 
C32,28 260063 0.00 
C32,29 236994 0.00 
C32,30 252845 0.00 
C32,31 239047 0.00 
C32,32 209694 0.00 
C32,33 267724 0.00 
C32,34 259408 0.00 
C32,35 262905 0.00 
C32,36 225351 0.00 
C32,37 248377 0.00 
C32,38 249221 0.00 
C32,39 228604 0.00 
C32,40 253186 0.00 
C32,41 253997 0.00 
C32,42 249553 0.00 
C32,43 232219 0.00 
C32,44 234739 0.00 
C32,45 267875 0.00 
C32,46 254140 0.00 
C32,47 240323 0.00 
C32,48 270965 0.00 
C32,49 228291 0.00 
C32,50 247616 0.00 
C32,51 234791 0.00 
C32,52 249105 0.00 
C32,53 249907 0.00 
C32,54 246964 0.00 
C32,55 222782 0.00 
C32,56 262910 0.00 
C32,57 254467 0.00 
C32,58 243428 0.00 
C32,59 251670 0.00 
C32,60 244993 0.00 
C32,61 205756 0.00 
C32,62 248751 0.00 
C32,63 239389 0.00 
C32,64 218023 0.00 
C32,65 220446 0.00 
C32,66 247674 0.00 
C32,67 227189 0.00 
C32,68 246035 0.00 
C32,69 240901 0.00 
C32,70 243679 0.00 
C32,71 228248 0.00 
C32,72 238016 0.00 
C32,73 233300 0.00 
C32,74 257875 0.00 
C32,75 272775 0.00 
C32,76 233250 0.00 
C32,77 237305 0.00 
C32,78 246401 0.00 
C32,79 255971 0.00 
C32,80 235809 0.00 
C32,81 237647 0.00 
C32,82 263333 0.00 
C32,83 210104 0.00 
C32,84 238512 0.00 
C32,85 248631 0.00 
C32,86 218347 0.00 
C32,87 229820 0.00 
C32,88 237478 0.00 
C32,89 256318 0.00 
C32,90 245924 0.00 
C32,91 252970 0.00 
C32,92 223203 0.00 
C32,93 233682 0.00 
C32,94 266608 0.00 
C32,95 251887 0.00 
C32,96 230840 0.00 
C32,97 211732 0.00 
C32,98 266700 0.00 
C32,99 211617 0.00 
C32,100 238844 0.00 
C33,1 256425 0.00 
C33,2 232351 0.00 
C33,3 255615 0.00 
C33,4 247672 0.00 
C33,5 238508 0.00 
C33,6 240083 0.00 
C33,7 236256 0.00 
C33,8 199600 0.00 
C33,9 246567 0.00 
C33,10 243242 0.00 
C33,11 247992 0.00 
C33,12 226269 0.00 
C33,13 236381 0.00 
C33,14 263707 0.00 
C33,15 212338 0.00 
C33,16 225404 0.00 
C33,17 233354 0.00 
C33,18 236185 0.00 
C33,19 248100 0.00 
C33,20 200511 0.00 
C33,21 233589 0.00 
C33,22 232255 0.00 
C33,23 230458 0.00 
C33,24 215211 0.00 
C33,25 211138 0.00 
C33,26 214448 0.00 
C33,27 235916 0.00 
C33,28 246392 0.00 
C33,29 223647 0.00 
C33,30 239791 0.00 
C33,31 238189 0.00 
C33,32 211049 0.00 
C33,33 265782 0.00 
C33,34 256139 0.00 
C33,35 244177 0.00 
C33,36 226538 0.00 
C33,37 239850 0.00 
C33,38 227777 0.00 
C33,39 208999 0.00 
C33,40 226500 0.00 
C33,41 253794 0.00 
C33,42 226335 0.00 
C33,43 206806 0.00 
C33,44 222685 0.00 
C33,45 252314 0.00 
C33,46 232540 0.00 
C33,47 232944 0.00 
C33,48 254089 0.00 
C33,49 214029 0.00 
C33,50 232473 0.00 
C33,51 218740 0.00 
C33,52 240633 0.00 
C33,53 231465 0.00 
C33,54 246671 0.00 
C33,55 206321 0.00 
C33,56 248446 0.00 
C33,57 237342 0.00 
C33,58 221680 0.00 
C33,59 254408 0.00 
C33,60 222767 0.00 
C33,61 222964 0.00 
C33,62 239216 0.00 
C33,63 227335 0.00 
C33,64 214285 0.00 
C33,65 222217 0.00 
C33,66 250026 0.00 
C33,67 222454 0.00 
C33,68 230988 0.00 
C33,69 232290 0.00 
C33,70 231751 0.00 
C33,71 227481 0.00 
C33,72 231176 0.00 
C33,73 234648 0.00 
C33,74 252721 0.00 
C33,75 277374 0.00 
C33,76 236181 0.00 
C33,77 216742 0.00 
C33,78 233219 0.00 
C33,79 255022 0.00 
C33,80 220576 0.00 
C33,81 220128 0.00 
C33,82 262950 0.00 
C33,83 229991 0.00 
C33,84 224152 0.00 
C33,85 235645 0.00 
C33,86 209243 0.00 
C33,87 229235 0.00 
C33,88 248666 0.00 
C33,89 240361 0.00 
C33,90 243178 0.00 
C33,91 245008 0.00 
C33,92 215916 0.00 
C33,93 220183 0.00 
C33,94 234395 0.00 
C33,95 251533 0.00 
C33,96 207556 0.00 
C33,97 197053 0.00 
C33,98 246411 0.00 
C33,99 225923 0.00 
C33,100 219374 0.00 
C34,1 270824 0.00 
C34,2 219580 0.00 
C34,3 254040 0.00 
C34,4 241959 0.00 
C34,5 240475 0.00 
C34,6 227907 0.00 
C34,7 224262 0.00 
C34,8 221821 0.00 
C34,9 247725 0.00 
C34,10 265881 0.00 
C34,11 254390 0.00 
C34,12 237113 0.00 
C34,13 254144 0.00 
C34,14 275556 0.00 
C34,15 224314 0.00 
C34,16 235456 0.00 
C34,17 215496 0.00 
C34,18 224975 0.00 
C34,19 247467 0.00 
C34,20 212974 0.00 
C34,21 228032 0.00 
C34,22 241648 0.00 
C34,23 231897 0.00 
C34,24 215092 0.00 
C34,25 220734 0.00 
C34,26 216494 0.00 
C34,27 231497 0.00 
C34,28 238897 0.00 
C34,29 235689 0.00 
C34,30 229664 0.00 
C34,31 251245 0.00 
C34,32 224217 0.00 
C34,33 258542 0.00 
C34,34 260242 0.00 
C34,35 248298 0.00 
C34,36 223780 0.00 
C34,37 241849 0.00 
C34,38 231104 0.00 
C34,39 224022 0.00 
C34,40 245849 0.00 
C34,41 271696 0.00 
C34,42 226281 0.00 
C34,43 225399 0.00 
C34,44 233719 0.00 
C34,45 265036 0.00 
C34,46 239209 0.00 
C34,47 220530 0.00 
C34,48 264021 0.00 
C34,49 224730 0.00 
C34,50 239240 0.00 
C34,51 234203 0.00 
C34,52 228388 0.00 
C34,53 246937 0.00 
C34,54 261008 0.00 
C34,55 212245 0.00 
C34,56 258698 0.00 
C34,57 245325 0.00 
C34,58 227654 0.00 
C34,59 253171 0.00 
C34,60 244973 0.00 
C34,61 204803 0.00 
C34,62 239834 0.00 
C34,63 234289 0.00 
C34,64 232587 0.00 
C34,65 231036 0.00 
C34,66 245267 0.00 
C34,67 224221 0.00 
C34,68 229894 0.00 
C34,69 231464 0.00 
C34,70 252315 0.00 
C34,71 236061 0.00 
C34,72 210242 0.00 
C34,73 209985 0.00 
C34,74 247414 0.00 
C34,75 256084 0.00 
C34,76 247546 0.00 
C34,77 221715 0.00 
C34,78 243403 0.00 
C34,79 254925 0.00 
C34,80 210269 0.00 
C34,81 214654 0.00 
C34,82 257077 0.00 
C34,83 229743 0.00 
C34,84 229081 0.00 
C34,85 233383 0.00 
C34,86 211644 0.00 
C34,87 227943 0.00 
C34,88 237072 0.00 
C34,89 242945 0.00 
C34,90 249390 0.00 
C34,91 239002 0.00 
C34,92 210265 0.00 
C34,93 219906 0.00 
C34,94 253580 0.00 
C34,95 244663 0.00 
C34,96 234611 0.00 
C34,97 200120 0.00 
C34,98 239294 0.00 
C34,99 206158 0.00 
C34,100 236648 0.00 
C35,1 271709 0.00 
C35,2 247100 0.00 
C35,3 254547 0.00 
C35,4 248467 0.00 
C35,5 252837 0.00 
C35,6 235414 0.00 
C35,7 251436 0.00 
C35,8 222588 0.00 
C35,9 247578 0.00 
C35,10 256881 0.00 
C35,11 251821 0.00 
C35,12 242012 0.00 
C35,13 237408 0.00 
C35,14 248651 0.00 
C35,15 214366 0.00 
C35,16 240913 0.00 
C35,17 246627 0.00 
C35,18 248014 0.00 
C35,19 243444 0.00 
C35,20 219271 0.00 
C35,21 230455 0.00 
C35,22 240177 0.00 
C35,23 232101 0.00 
C35,24 220142 0.00 
C35,25 230312 0.00 
C35,26 229300 0.00 
C35,27 262062 0.00 
C35,28 257487 0.00 
C35,29 253721 0.00 
C35,30 254729 0.00 
C35,31 234978 0.00 
C35,32 229559 0.00 
C35,33 274416 0.00 
C35,34 254613 0.00 
C35,35 252479 0.00 
C35,36 234448 0.00 
C35,37 269032 0.00 
C35,38 233125 0.00 
C35,39 221401 0.00 
C35,40 240598 0.00 
C35,41 253455 0.00 
C35,42 233838 0.00 
C35,43 214336 0.00 
C35,44 239774 0.00 
C35,45 260750 0.00 
C35,46 257306 0.00 
C35,47 233504 0.00 
C35,48 270965 0.00 
C35,49 216001 0.00 
C35,50 227103 0.00 
C35,51 229210 0.00 
C35,52 237389 0.00 
C35,53 228859 0.00 
C35,54 257006 0.00 
C35,55 227702 0.00 
C35,56 232552 0.00 
C35,57 247223 0.00 
C35,58 233921 0.00 
C35,59 269791 0.00 
C35,60 236881 0.00 
C35,61 208432 0.00 
C35,62 242242 0.00 
C35,63 231132 0.00 
C35,64 228199 0.00 
C35,65 219171 0.00 
C35,66 245258 0.00 
C35,67 228590 0.00 
C35,68 228280 0.00 
C35,69 240972 0.00 
C35,70 236968 0.00 
C35,71 241944 0.00 
C35,72 229407 0.00 
C35,73 224853 0.00 
C35,74 268176 0.00 
C35,75 277929 0.00 
C35,76 248586 0.00 
C35,77 234933 0.00 
C35,78 240674 0.00 
C35,79 261855 0.00 
C35,80 242929 0.00 
C35,81 221953 0.00 
C35,82 271023 0.00 
C35,83 230061 0.00 
C35,84 227663 0.00 
C35,85 247944 0.00 
C35,86 221765 0.00 
C35,87 228567 0.00 
C35,88 260014 0.00 
C35,89 238185 0.00 
C35,90 261849 0.00 
C35,91 251864 0.00 
C35,92 226206 0.00 
C35,93 230339 0.00 
C35,94 241074 0.00 
C35,95 246233 0.00 
C35,96 225921 0.00 
C35,97 219664 0.00 
C35,98 248573 0.00 
C35,99 211028 0.00 
C35,100 231391 0.00 
C36,1 283897 0.00 
C36,2 265253 0.00 
C36,3 269780 0.00 
C36,4 281220 0.00 
C36,5 271900 0.00 
C36,6 259794 0.00 
C36,7 273116 0.00 
C36,8 237651 0.00 
C36,9 259895 0.00 
C36,10 271908 0.00 
C36,11 278387 0.00 
C36,12 248138 0.00 
C36,13 265405 0.00 
C36,14 277007 0.00 
C36,15 248946 0.00 
C36,16 254386 0.00 
C36,17 278656 0.00 
C36,18 277988 0.00 
C36,19 262809 0.00 
C36,20 250602 0.00 
C36,21 228158 0.00 
C36,22 272036 0.00 
C36,23 266645 0.00 
C36,24 251625 0.00 
C36,25 234592 0.00 
C36,26 232990 0.00 
C36,27 284930 0.00 
C36,28 271080 0.00 
C36,29 270137 0.00 
C36,30 261581 0.00 
C36,31 253299 0.00 
C36,32 226861 0.00 
C36,33 279267 0.00 
C36,34 261786 0.00 
C36,35 253603 0.00 
C36,36 239380 0.00 
C36,37 266132 0.00 
C36,38 260802 0.00 
C36,39 239846 0.00 
C36,40 270403 0.00 
C36,41 277909 0.00 
C36,42 257648 0.00 
C36,43 240427 0.00 
C36,44 247724 0.00 
C36,45 284142 0.00 
C36,46 261851 0.00 
C36,47 257486 0.00 
C36,48 282350 0.00 
C36,49 238492 0.00 
C36,50 262918 0.00 
C36,51 258379 0.00 
C36,52 254628 0.00 
C36,53 240314 0.00 
C36,54 263120 0.00 
C36,55 238699 0.00 
C36,56 258260 0.00 
C36,57 265531 0.00 
C36,58 262304 0.00 
C36,59 281020 0.00 
C36,60 254511 0.00 
C36,61 216153 0.00 
C36,62 271367 0.00 
C36,63 266122 0.00 
C36,64 247416 0.00 
C36,65 232452 0.00 
C36,66 271978 0.00 
C36,67 257801 0.00 
C36,68 252732 0.00 
C36,69 234142 0.00 
C36,70 250557 0.00 
C36,71 249997 0.00 
C36,72 243603 0.00 
C36,73 236864 0.00 
C36,74 290538 0.00 
C36,75 301496 0.00 
C36,76 262307 0.00 
C36,77 250933 0.00 
C36,78 256743 0.00 
C36,79 283263 0.00 
C36,80 244153 0.00 
C36,81 243387 0.00 
C36,82 285518 0.00 
C36,83 245035 0.00 
C36,84 242589 0.00 
C36,85 275221 0.00 
C36,86 223656 0.00 
C36,87 242268 0.00 
C36,88 254343 0.00 
C36,89 264529 0.00 
C36,90 268375 0.00 
C36,91 268414 0.00 
C36,92 248295 0.00 
C36,93 259147 0.00 
C36,94 262161 0.00 
C36,95 264442 0.00 
C36,96 246694 0.00 
C36,97 219407 0.00 
C36,98 266606 0.00 
C36,99 224026 0.00 
C36,100 248162 0.00 
C37,1 277152 0.00 
C37,2 230692 0.00 
C37,3 253057 0.00 
C37,4 260859 0.00 
C37,5 255120 0.00 
C37,6 263106 0.00 
C37,7 241635 0.00 
C37,8 221692 0.00 
C37,9 260765 0.00 
C37,10 270091 0.00 
C37,11 273952 0.00 
C37,12 253459 0.00 
C37,13 236000 0.00 
C37,14 275681 0.00 
C37,15 227565 0.00 
C37,16 260432 0.00 
C37,17 247332 0.00 
C37,18 245623 0.00 
C37,19 238482 0.00 
C37,20 229605 0.00 
C37,21 219584 0.00 
C37,22 238015 0.00 
C37,23 239076 0.00 
C37,24 211114 0.00 
C37,25 214806 0.00 
C37,26 225783 0.00 
C37,27 254972 0.00 
C37,28 260131 0.00 
C37,29 240197 0.00 
C37,30 236087 0.00 
C37,31 255741 0.00 
C37,32 228682 0.00 
C37,33 280576 0.00 
C37,34 279928 0.00 
C37,35 256671 0.00 
C37,36 235122 0.00 
C37,37 267885 0.00 
C37,38 250889 0.00 
C37,39 242311 0.00 
C37,40 246341 0.00 
C37,41 278765 0.00 
C37,42 242700 0.00 
C37,43 225050 0.00 
C37,44 234973 0.00 
C37,45 266002 0.00 
C37,46 256482 0.00 
C37,47 241686 0.00 
C37,48 280510 0.00 
C37,49 241727 0.00 
C37,50 248256 0.00 
C37,51 229306 0.00 
C37,52 245675 0.00 
C37,53 242304 0.00 
C37,54 251671 0.00 
C37,55 215640 0.00 
C37,56 270971 0.00 
C37,57 249222 0.00 
C37,58 217539 0.00 
C37,59 261996 0.00 
C37,60 238198 0.00 
C37,61 200779 0.00 
C37,62 251233 0.00 
C37,63 238054 0.00 
C37,64 217260 0.00 
C37,65 244368 0.00 
C37,66 244506 0.00 
C37,67 241524 0.00 
C37,68 239109 0.00 
C37,69 238637 0.00 
C37,70 256410 0.00 
C37,71 241039 0.00 
C37,72 244594 0.00 
C37,73 235485 0.00 
C37,74 267509 0.00 
C37,75 282715 0.00 
C37,76 241516 0.00 
C37,77 235439 0.00 
C37,78 250174 0.00 
C37,79 258287 0.00 
C37,80 238995 0.00 
C37,81 220130 0.00 
C37,82 273730 0.00 
C37,83 226079 0.00 
C37,84 237233 0.00 
C37,85 238914 0.00 
C37,86 225879 0.00 
C37,87 232720 0.00 
C37,88 247641 0.00 
C37,89 260700 0.00 
C37,90 259603 0.00 
C37,91 259285 0.00 
C37,92 230126 0.00 
C37,93 250171 0.00 
C37,94 262704 0.00 
C37,95 257336 0.00 
C37,96 235522 0.00 
C37,97 201790 0.00 
C37,98 252606 0.00 
C37,99 218919 0.00 
C37,100 232176 0.00 
