100 100
C51,1 285578 0.00 
C51,2 239096 0.00 
C51,3 265834 0.00 
C51,4 255007 0.00 
C51,5 252145 0.00 
C51,6 249133 0.00 
C51,7 234101 0.00 
C51,8 247672 0.00 
C51,9 253754 0.00 
C51,10 256892 0.00 
C51,11 264419 0.00 
C51,12 234692 0.00 
C51,13 254409 0.00 
C51,14 275325 0.00 
C51,15 231461 0.00 
C51,16 227872 0.00 
C51,17 257555 0.00 
C51,18 261427 0.00 
C51,19 243306 0.00 
C51,20 222681 0.00 
C51,21 242695 0.00 
C51,22 258550 0.00 
C51,23 246274 0.00 
C51,24 221665 0.00 
C51,25 226662 0.00 
C51,26 230580 0.00 
C51,27 256351 0.00 
C51,28 274774 0.00 
C51,29 242594 0.00 
C51,30 245813 0.00 
C51,31 265374 0.00 
C51,32 231084 0.00 
C51,33 264111 0.00 
C51,34 264943 0.00 
C51,35 257660 0.00 
C51,36 217220 0.00 
C51,37 259955 0.00 
C51,38 261370 0.00 
C51,39 241696 0.00 
C51,40 260086 0.00 
C51,41 297570 0.00 
C51,42 256632 0.00 
C51,43 241533 0.00 
C51,44 226230 0.00 
C51,45 272987 0.00 
C51,46 254020 0.00 
C51,47 242884 0.00 
C51,48 271997 0.00 
C51,49 244604 0.00 
C51,50 251552 0.00 
C51,51 249329 0.00 
C51,52 235122 0.00 
C51,53 249777 0.00 
C51,54 260523 0.00 
C51,55 218312 0.00 
C51,56 264728 0.00 
C51,57 264704 0.00 
C51,58 219394 0.00 
C51,59 266213 0.00 
C51,60 243143 0.00 
C51,61 216128 0.00 
C51,62 250194 0.00 
C51,63 253723 0.00 
C51,64 225730 0.00 
C51,65 249104 0.00 
C51,66 266920 0.00 
C51,67 226593 0.00 
C51,68 241325 0.00 
C51,69 256658 0.00 
C51,70 245247 0.00 
C51,71 246260 0.00 
C51,72 228808 0.00 
C51,73 229510 0.00 
C51,74 269040 0.00 
C51,75 286105 0.00 
C51,76 250302 0.00 
C51,77 219245 0.00 
C51,78 259480 0.00 
C51,79 246351 0.00 
C51,80 228910 0.00 
C51,81 244660 0.00 
C51,82 291410 0.00 
C51,83 228037 0.00 
C51,84 241036 0.00 
C51,85 242305 0.00 
C51,86 231695 0.00 
C51,87 229646 0.00 
C51,88 232478 0.00 
C51,89 244924 0.00 
C51,90 248284 0.00 
C51,91 252388 0.00 
C51,92 223112 0.00 
C51,93 233095 0.00 
C51,94 268140 0.00 
C51,95 254071 0.00 
C51,96 255392 0.00 
C51,97 221007 0.00 
C51,98 279978 0.00 
C51,99 220273 0.00 
C51,100 240947 0.00 
C52,1 278390 0.00 
C52,2 212482 0.00 
C52,3 236626 0.00 
C52,4 243681 0.00 
C52,5 249057 0.00 
C52,6 246493 0.00 
C52,7 235177 0.00 
C52,8 200879 0.00 
C52,9 243724 0.00 
C52,10 247042 0.00 
C52,11 255433 0.00 
C52,12 226405 0.00 
C52,13 233434 0.00 
C52,14 246863 0.00 
C52,15 212522 0.00 
C52,16 231062 0.00 
C52,17 242111 0.00 
C52,18 240500 0.00 
C52,19 234171 0.00 
C52,20 223145 0.00 
C52,21 210990 0.00 
C52,22 241628 0.00 
C52,23 226611 0.00 
C52,24 199168 0.00 
C52,25 211658 0.00 
C52,26 212535 0.00 
C52,27 246914 0.00 
C52,28 234654 0.00 
C52,29 228404 0.00 
C52,30 231376 0.00 
C52,31 248156 0.00 
C52,32 221700 0.00 
C52,33 255206 0.00 
C52,34 266169 0.00 
C52,35 257373 0.00 
C52,36 223472 0.00 
C52,37 243919 0.00 
C52,38 244638 0.00 
C52,39 210618 0.00 
C52,40 239495 0.00 
C52,41 265498 0.00 
C52,42 242687 0.00 
C52,43 205197 0.00 
C52,44 231227 0.00 
C52,45 257277 0.00 
C52,46 242707 0.00 
C52,47 232601 0.00 
C52,48 240614 0.00 
C52,49 233376 0.00 
C52,50 243359 0.00 
C52,51 235704 0.00 
C52,52 226259 0.00 
C52,53 226952 0.00 
C52,54 244135 0.00 
C52,55 201182 0.00 
C52,56 243221 0.00 
C52,57 234079 0.00 
C52,58 216975 0.00 
C52,59 263252 0.00 
C52,60 226796 0.00 
C52,61 197781 0.00 
C52,62 241042 0.00 
C52,63 232032 0.00 
C52,64 210073 0.00 
C52,65 232135 0.00 
C52,66 247837 0.00 
C52,67 229188 0.00 
C52,68 214568 0.00 
C52,69 232693 0.00 
C52,70 250255 0.00 
C52,71 223561 0.00 
C52,72 226679 0.00 
C52,73 223434 0.00 
C52,74 243139 0.00 
C52,75 256541 0.00 
C52,76 241092 0.00 
C52,77 227471 0.00 
C52,78 263880 0.00 
C52,79 252331 0.00 
C52,80 229258 0.00 
C52,81 229495 0.00 
C52,82 256245 0.00 
C52,83 216329 0.00 
C52,84 222801 0.00 
C52,85 230998 0.00 
C52,86 217808 0.00 
C52,87 229674 0.00 
C52,88 235671 0.00 
C52,89 224882 0.00 
C52,90 233999 0.00 
C52,91 268422 0.00 
C52,92 210187 0.00 
C52,93 222038 0.00 
C52,94 246402 0.00 
C52,95 240268 0.00 
C52,96 227723 0.00 
C52,97 200719 0.00 
C52,98 250743 0.00 
C52,99 215092 0.00 
C52,100 227451 0.00 
C53,1 280033 0.00 
C53,2 243081 0.00 
C53,3 262091 0.00 
C53,4 258149 0.00 
C53,5 267235 0.00 
C53,6 250230 0.00 
C53,7 224932 0.00 
C53,8 258466 0.00 
C53,9 251722 0.00 
C53,10 268704 0.00 
C53,11 269644 0.00 
C53,12 227805 0.00 
C53,13 248444 0.00 
C53,14 285785 0.00 
C53,15 230271 0.00 
C53,16 249008 0.00 
C53,17 244171 0.00 
C53,18 251740 0.00 
C53,19 238565 0.00 
C53,20 233329 0.00 
C53,21 241320 0.00 
C53,22 245801 0.00 
C53,23 240847 0.00 
C53,24 206560 0.00 
C53,25 223306 0.00 
C53,26 230357 0.00 
C53,27 269532 0.00 
C53,28 256111 0.00 
C53,29 243808 0.00 
C53,30 247074 0.00 
C53,31 259347 0.00 
C53,32 234718 0.00 
C53,33 267112 0.00 
C53,34 276846 0.00 
C53,35 249952 0.00 
C53,36 239403 0.00 
C53,37 256443 0.00 
C53,38 238170 0.00 
C53,39 243646 0.00 
C53,40 258710 0.00 
C53,41 279463 0.00 
C53,42 262452 0.00 
C53,43 239892 0.00 
C53,44 233748 0.00 
C53,45 255195 0.00 
C53,46 257674 0.00 
C53,47 249281 0.00 
C53,48 270307 0.00 
C53,49 236374 0.00 
C53,50 247969 0.00 
C53,51 223709 0.00 
C53,52 231480 0.00 
C53,53 261494 0.00 
C53,54 263082 0.00 
C53,55 220756 0.00 
C53,56 256849 0.00 
C53,57 245735 0.00 
C53,58 228279 0.00 
C53,59 265961 0.00 
C53,60 229440 0.00 
C53,61 219120 0.00 
C53,62 252900 0.00 
C53,63 251910 0.00 
C53,64 228366 0.00 
C53,65 228450 0.00 
C53,66 255022 0.00 
C53,67 241187 0.00 
C53,68 231253 0.00 
C53,69 250529 0.00 
C53,70 249863 0.00 
C53,71 266024 0.00 
C53,72 235976 0.00 
C53,73 238401 0.00 
C53,74 274201 0.00 
C53,75 278248 0.00 
C53,76 237971 0.00 
C53,77 236233 0.00 
C53,78 256419 0.00 
C53,79 255508 0.00 
C53,80 237849 0.00 
C53,81 232256 0.00 
C53,82 279435 0.00 
C53,83 233877 0.00 
C53,84 235897 0.00 
C53,85 241097 0.00 
C53,86 240523 0.00 
C53,87 232193 0.00 
C53,88 260107 0.00 
C53,89 257914 0.00 
C53,90 248338 0.00 
C53,91 263230 0.00 
C53,92 218157 0.00 
C53,93 243152 0.00 
C53,94 261921 0.00 
C53,95 262062 0.00 
C53,96 242733 0.00 
C53,97 212414 0.00 
C53,98 271802 0.00 
C53,99 207873 0.00 
C53,100 223975 0.00 
C54,1 236560 0.00 
C54,2 203555 0.00 
C54,3 220818 0.00 
C54,4 229187 0.00 
C54,5 214668 0.00 
C54,6 226604 0.00 
C54,7 231741 0.00 
C54,8 202157 0.00 
C54,9 225904 0.00 
C54,10 248019 0.00 
C54,11 231879 0.00 
C54,12 196339 0.00 
C54,13 216969 0.00 
C54,14 240460 0.00 
C54,15 202072 0.00 
C54,16 230864 0.00 
C54,17 211087 0.00 
C54,18 230463 0.00 
C54,19 215050 0.00 
C54,20 216232 0.00 
C54,21 199375 0.00 
C54,22 211468 0.00 
C54,23 218901 0.00 
C54,24 202476 0.00 
C54,25 186424 0.00 
C54,26 184420 0.00 
C54,27 225237 0.00 
C54,28 244559 0.00 
C54,29 201977 0.00 
C54,30 223783 0.00 
C54,31 225938 0.00 
C54,32 199714 0.00 
C54,33 242521 0.00 
C54,34 230053 0.00 
C54,35 210974 0.00 
C54,36 211573 0.00 
C54,37 231592 0.00 
C54,38 206164 0.00 
C54,39 209870 0.00 
C54,40 203759 0.00 
C54,41 241376 0.00 
C54,42 216943 0.00 
C54,43 191799 0.00 
C54,44 211593 0.00 
C54,45 227649 0.00 
C54,46 233710 0.00 
C54,47 233230 0.00 
C54,48 250448 0.00 
C54,49 205442 0.00 
C54,50 219231 0.00 
C54,51 219094 0.00 
C54,52 212838 0.00 
C54,53 221709 0.00 
C54,54 228345 0.00 
C54,55 192728 0.00 
C54,56 226599 0.00 
C54,57 214426 0.00 
C54,58 218770 0.00 
C54,59 217861 0.00 
C54,60 211075 0.00 
C54,61 208674 0.00 
C54,62 221440 0.00 
C54,63 223213 0.00 
C54,64 205966 0.00 
C54,65 203108 0.00 
C54,66 235664 0.00 
C54,67 210103 0.00 
C54,68 213131 0.00 
C54,69 209853 0.00 
C54,70 211085 0.00 
C54,71 230671 0.00 
C54,72 205780 0.00 
C54,73 197912 0.00 
C54,74 233936 0.00 
C54,75 247731 0.00 
C54,76 229601 0.00 
C54,77 203695 0.00 
C54,78 207806 0.00 
C54,79 225949 0.00 
C54,80 213561 0.00 
C54,81 197956 0.00 
C54,82 247470 0.00 
C54,83 208641 0.00 
C54,84 210890 0.00 
C54,85 213847 0.00 
C54,86 212896 0.00 
C54,87 206434 0.00 
C54,88 222447 0.00 
C54,89 227579 0.00 
C54,90 221639 0.00 
C54,91 217760 0.00 
C54,92 212326 0.00 
C54,93 209386 0.00 
C54,94 230486 0.00 
C54,95 233965 0.00 
C54,96 206428 0.00 
C54,97 176104 0.00 
C54,98 226954 0.00 
C54,99 188888 0.00 
C54,100 198606 0.00 
C55,1 262297 0.00 
C55,2 239562 0.00 
C55,3 244298 0.00 
C55,4 260471 0.00 
C55,5 244154 0.00 
C55,6 238614 0.00 
C55,7 239966 0.00 
C55,8 221669 0.00 
C55,9 263605 0.00 
C55,10 260757 0.00 
C55,11 262381 0.00 
C55,12 226043 0.00 
C55,13 240930 0.00 
C55,14 248624 0.00 
C55,15 235407 0.00 
C55,16 225247 0.00 
C55,17 228592 0.00 
C55,18 247428 0.00 
C55,19 241652 0.00 
C55,20 220037 0.00 
C55,21 217379 0.00 
C55,22 239192 0.00 
C55,23 233005 0.00 
C55,24 218234 0.00 
C55,25 203567 0.00 
C55,26 219352 0.00 
C55,27 267843 0.00 
C55,28 257023 0.00 
C55,29 248926 0.00 
C55,30 229687 0.00 
C55,31 253717 0.00 
C55,32 221683 0.00 
C55,33 248735 0.00 
C55,34 251167 0.00 
C55,35 244623 0.00 
C55,36 237134 0.00 
C55,37 257435 0.00 
C55,38 226571 0.00 
C55,39 206433 0.00 
C55,40 239383 0.00 
C55,41 260802 0.00 
C55,42 238352 0.00 
C55,43 210981 0.00 
C55,44 234678 0.00 
C55,45 253014 0.00 
C55,46 234578 0.00 
C55,47 225023 0.00 
C55,48 247640 0.00 
C55,49 223783 0.00 
C55,50 235200 0.00 
C55,51 239623 0.00 
C55,52 212448 0.00 
C55,53 234083 0.00 
C55,54 238977 0.00 
C55,55 212839 0.00 
C55,56 238183 0.00 
C55,57 238385 0.00 
C55,58 232998 0.00 
C55,59 252535 0.00 
C55,60 225032 0.00 
C55,61 204492 0.00 
C55,62 234862 0.00 
C55,63 237467 0.00 
C55,64 218788 0.00 
C55,65 220853 0.00 
C55,66 234895 0.00 
C55,67 233650 0.00 
C55,68 219663 0.00 
C55,69 226732 0.00 
C55,70 237220 0.00 
C55,71 243154 0.00 
C55,72 221701 0.00 
C55,73 230350 0.00 
C55,74 266100 0.00 
C55,75 265373 0.00 
C55,76 237107 0.00 
C55,77 225004 0.00 
C55,78 244243 0.00 
C55,79 260824 0.00 
C55,80 227521 0.00 
C55,81 234360 0.00 
C55,82 280436 0.00 
C55,83 226395 0.00 
C55,84 226511 0.00 
C55,85 238766 0.00 
C55,86 226059 0.00 
C55,87 226983 0.00 
C55,88 241163 0.00 
C55,89 235877 0.00 
C55,90 255995 0.00 
C55,91 260496 0.00 
C55,92 223932 0.00 
C55,93 241175 0.00 
C55,94 239861 0.00 
C55,95 250131 0.00 
C55,96 216650 0.00 
C55,97 209895 0.00 
C55,98 245665 0.00 
C55,99 220301 0.00 
C55,100 224169 0.00 
C56,1 283537 0.00 
C56,2 238018 0.00 
C56,3 267307 0.00 
C56,4 268844 0.00 
C56,5 272883 0.00 
C56,6 271744 0.00 
C56,7 257008 0.00 
C56,8 237703 0.00 
C56,9 256341 0.00 
C56,10 268013 0.00 
C56,11 281644 0.00 
C56,12 235931 0.00 
C56,13 262039 0.00 
C56,14 276856 0.00 
C56,15 248613 0.00 
C56,16 252021 0.00 
C56,17 274790 0.00 
C56,18 266221 0.00 
C56,19 263383 0.00 
C56,20 250226 0.00 
C56,21 243565 0.00 
C56,22 267160 0.00 
C56,23 256643 0.00 
C56,24 243941 0.00 
C56,25 241688 0.00 
C56,26 226387 0.00 
C56,27 280370 0.00 
C56,28 288451 0.00 
C56,29 252908 0.00 
C56,30 254909 0.00 
C56,31 270126 0.00 
C56,32 243701 0.00 
C56,33 268394 0.00 
C56,34 285971 0.00 
C56,35 265266 0.00 
C56,36 257358 0.00 
C56,37 257292 0.00 
C56,38 261713 0.00 
C56,39 250116 0.00 
C56,40 248915 0.00 
C56,41 285774 0.00 
C56,42 265811 0.00 
C56,43 236935 0.00 
C56,44 231732 0.00 
C56,45 276087 0.00 
C56,46 269667 0.00 
C56,47 256214 0.00 
C56,48 267553 0.00 
C56,49 239104 0.00 
C56,50 268951 0.00 
C56,51 260293 0.00 
C56,52 248762 0.00 
C56,53 258780 0.00 
C56,54 270330 0.00 
C56,55 233912 0.00 
C56,56 269675 0.00 
C56,57 244602 0.00 
C56,58 247795 0.00 
C56,59 276852 0.00 
C56,60 252261 0.00 
C56,61 227819 0.00 
C56,62 259144 0.00 
C56,63 259488 0.00 
C56,64 235976 0.00 
C56,65 230482 0.00 
C56,66 271837 0.00 
C56,67 252458 0.00 
C56,68 260087 0.00 
C56,69 252327 0.00 
C56,70 262920 0.00 
C56,71 248585 0.00 
C56,72 254151 0.00 
C56,73 261219 0.00 
C56,74 283662 0.00 
C56,75 278645 0.00 
C56,76 250297 0.00 
C56,77 245132 0.00 
C56,78 268738 0.00 
C56,79 274003 0.00 
C56,80 248370 0.00 
C56,81 258182 0.00 
C56,82 275608 0.00 
C56,83 239062 0.00 
C56,84 249782 0.00 
C56,85 272872 0.00 
C56,86 246761 0.00 
C56,87 244460 0.00 
C56,88 265802 0.00 
C56,89 273195 0.00 
C56,90 260931 0.00 
C56,91 286760 0.00 
C56,92 243782 0.00 
C56,93 246950 0.00 
C56,94 272116 0.00 
C56,95 278221 0.00 
C56,96 250217 0.00 
C56,97 213078 0.00 
C56,98 293592 0.00 
C56,99 240471 0.00 
C56,100 242610 0.00 
C57,1 279018 0.00 
C57,2 240869 0.00 
C57,3 261008 0.00 
C57,4 260033 0.00 
C57,5 284402 0.00 
C57,6 273596 0.00 
C57,7 270101 0.00 
C57,8 243749 0.00 
C57,9 259440 0.00 
C57,10 284365 0.00 
C57,11 286541 0.00 
C57,12 263817 0.00 
C57,13 284245 0.00 
C57,14 284878 0.00 
C57,15 224953 0.00 
C57,16 259259 0.00 
C57,17 274508 0.00 
C57,18 264107 0.00 
C57,19 264869 0.00 
C57,20 251287 0.00 
C57,21 248080 0.00 
C57,22 251816 0.00 
C57,23 258531 0.00 
C57,24 227202 0.00 
C57,25 239381 0.00 
C57,26 234940 0.00 
C57,27 265328 0.00 
C57,28 278266 0.00 
C57,29 275647 0.00 
C57,30 268885 0.00 
C57,31 261957 0.00 
C57,32 243180 0.00 
C57,33 275316 0.00 
C57,34 283627 0.00 
C57,35 268716 0.00 
C57,36 240230 0.00 
C57,37 286353 0.00 
C57,38 263123 0.00 
C57,39 263535 0.00 
C57,40 275496 0.00 
C57,41 279851 0.00 
C57,42 278188 0.00 
C57,43 243934 0.00 
C57,44 246274 0.00 
C57,45 283930 0.00 
C57,46 277713 0.00 
C57,47 246066 0.00 
C57,48 275211 0.00 
C57,49 249484 0.00 
C57,50 263002 0.00 
C57,51 252835 0.00 
C57,52 255049 0.00 
C57,53 272598 0.00 
C57,54 267222 0.00 
C57,55 229894 0.00 
C57,56 275106 0.00 
C57,57 267348 0.00 
C57,58 247336 0.00 
C57,59 286586 0.00 
C57,60 253161 0.00 
C57,61 223018 0.00 
C57,62 273175 0.00 
C57,63 259414 0.00 
C57,64 252308 0.00 
C57,65 232837 0.00 
C57,66 251270 0.00 
C57,67 247565 0.00 
C57,68 264103 0.00 
C57,69 256524 0.00 
C57,70 266903 0.00 
C57,71 259450 0.00 
C57,72 255732 0.00 
C57,73 238780 0.00 
C57,74 279457 0.00 
C57,75 298800 0.00 
C57,76 258375 0.00 
C57,77 262932 0.00 
C57,78 259084 0.00 
C57,79 282836 0.00 
C57,80 250141 0.00 
C57,81 252248 0.00 
C57,82 282046 0.00 
C57,83 236846 0.00 
C57,84 250625 0.00 
C57,85 264576 0.00 
C57,86 242203 0.00 
C57,87 247235 0.00 
C57,88 274812 0.00 
C57,89 273540 0.00 
C57,90 267680 0.00 
C57,91 274173 0.00 
C57,92 242902 0.00 
C57,93 268127 0.00 
C57,94 265216 0.00 
C57,95 260553 0.00 
C57,96 248258 0.00 
C57,97 216149 0.00 
C57,98 278373 0.00 
C57,99 230694 0.00 
C57,100 244627 0.00 
C58,1 271428 0.00 
C58,2 227794 0.00 
C58,3 258743 0.00 
C58,4 260572 0.00 
C58,5 257686 0.00 
C58,6 254716 0.00 
C58,7 239189 0.00 
C58,8 221759 0.00 
C58,9 253624 0.00 
C58,10 259962 0.00 
C58,11 263013 0.00 
C58,12 232496 0.00 
C58,13 240817 0.00 
C58,14 273193 0.00 
C58,15 224946 0.00 
C58,16 237324 0.00 
C58,17 251200 0.00 
C58,18 245884 0.00 
C58,19 242480 0.00 
C58,20 232659 0.00 
C58,21 240138 0.00 
C58,22 229391 0.00 
C58,23 251240 0.00 
C58,24 221392 0.00 
C58,25 204290 0.00 
C58,26 219628 0.00 
C58,27 249236 0.00 
C58,28 276422 0.00 
C58,29 238407 0.00 
C58,30 256630 0.00 
C58,31 260281 0.00 
C58,32 216350 0.00 
C58,33 256987 0.00 
C58,34 255057 0.00 
C58,35 251245 0.00 
C58,36 244884 0.00 
C58,37 255269 0.00 
C58,38 230242 0.00 
C58,39 217811 0.00 
C58,40 237221 0.00 
C58,41 271787 0.00 
C58,42 257677 0.00 
C58,43 233981 0.00 
C58,44 235314 0.00 
C58,45 261909 0.00 
C58,46 250155 0.00 
C58,47 241068 0.00 
C58,48 268158 0.00 
C58,49 243135 0.00 
C58,50 258887 0.00 
C58,51 238573 0.00 
C58,52 240263 0.00 
C58,53 244538 0.00 
C58,54 255842 0.00 
C58,55 217543 0.00 
C58,56 248809 0.00 
C58,57 239712 0.00 
C58,58 223967 0.00 
C58,59 254587 0.00 
C58,60 236475 0.00 
C58,61 214203 0.00 
C58,62 251680 0.00 
C58,63 258080 0.00 
C58,64 221656 0.00 
C58,65 235789 0.00 
C58,66 240322 0.00 
C58,67 237349 0.00 
C58,68 209498 0.00 
C58,69 226344 0.00 
C58,70 229081 0.00 
C58,71 238362 0.00 
C58,72 228269 0.00 
C58,73 229088 0.00 
C58,74 249497 0.00 
C58,75 275186 0.00 
C58,76 242797 0.00 
C58,77 217208 0.00 
C58,78 244252 0.00 
C58,79 258032 0.00 
C58,80 226657 0.00 
C58,81 226575 0.00 
C58,82 286600 0.00 
C58,83 241087 0.00 
C58,84 232439 0.00 
C58,85 226326 0.00 
C58,86 235818 0.00 
C58,87 228591 0.00 
C58,88 245693 0.00 
C58,89 248556 0.00 
C58,90 239039 0.00 
C58,91 237442 0.00 
C58,92 237536 0.00 
C58,93 232651 0.00 
C58,94 245066 0.00 
C58,95 250022 0.00 
C58,96 240822 0.00 
C58,97 210718 0.00 
C58,98 248701 0.00 
C58,99 215425 0.00 
C58,100 229194 0.00 
C59,1 306040 0.00 
C59,2 270662 0.00 
C59,3 274451 0.00 
C59,4 288476 0.00 
C59,5 266069 0.00 
C59,6 284068 0.00 
C59,7 261197 0.00 
C59,8 256026 0.00 
C59,9 287040 0.00 
C59,10 298362 0.00 
C59,11 298003 0.00 
C59,12 266661 0.00 
C59,13 272908 0.00 
C59,14 283602 0.00 
C59,15 249439 0.00 
C59,16 274484 0.00 
C59,17 278500 0.00 
C59,18 281530 0.00 
C59,19 260902 0.00 
C59,20 254596 0.00 
C59,21 257690 0.00 
C59,22 262758 0.00 
C59,23 266442 0.00 
C59,24 235497 0.00 
C59,25 228403 0.00 
C59,26 243219 0.00 
C59,27 282869 0.00 
C59,28 288105 0.00 
C59,29 274136 0.00 
C59,30 261850 0.00 
C59,31 272770 0.00 
C59,32 251583 0.00 
C59,33 289041 0.00 
C59,34 292288 0.00 
C59,35 272538 0.00 
C59,36 260980 0.00 
C59,37 296259 0.00 
C59,38 266922 0.00 
C59,39 253120 0.00 
C59,40 286280 0.00 
C59,41 306853 0.00 
C59,42 284826 0.00 
C59,43 273700 0.00 
C59,44 262125 0.00 
C59,45 277984 0.00 
C59,46 291068 0.00 
C59,47 263335 0.00 
C59,48 279166 0.00 
C59,49 265410 0.00 
C59,50 281465 0.00 
C59,51 260324 0.00 
C59,52 250441 0.00 
C59,53 280274 0.00 
C59,54 286117 0.00 
C59,55 242837 0.00 
C59,56 276234 0.00 
C59,57 275261 0.00 
C59,58 254575 0.00 
C59,59 302359 0.00 
C59,60 264243 0.00 
C59,61 226548 0.00 
C59,62 274718 0.00 
C59,63 272644 0.00 
C59,64 269119 0.00 
C59,65 254130 0.00 
C59,66 276488 0.00 
C59,67 250662 0.00 
C59,68 258786 0.00 
C59,69 265411 0.00 
C59,70 278146 0.00 
C59,71 266147 0.00 
C59,72 257252 0.00 
C59,73 273730 0.00 
C59,74 308786 0.00 
C59,75 315586 0.00 
C59,76 274308 0.00 
C59,77 267750 0.00 
C59,78 274948 0.00 
C59,79 278389 0.00 
C59,80 278732 0.00 
C59,81 257612 0.00 
C59,82 305671 0.00 
C59,83 246605 0.00 
C59,84 256308 0.00 
C59,85 266741 0.00 
C59,86 259844 0.00 
C59,87 251092 0.00 
C59,88 283655 0.00 
C59,89 275398 0.00 
C59,90 283200 0.00 
C59,91 284030 0.00 
C59,92 267528 0.00 
C59,93 278403 0.00 
C59,94 282099 0.00 
C59,95 283547 0.00 
C59,96 258659 0.00 
C59,97 226497 0.00 
C59,98 298713 0.00 
C59,99 253735 0.00 
C59,100 255149 0.00 
C60,1 278567 0.00 
C60,2 261725 0.00 
C60,3 270651 0.00 
C60,4 268465 0.00 
C60,5 267180 0.00 
C60,6 271328 0.00 
C60,7 261398 0.00 
C60,8 235044 0.00 
C60,9 264623 0.00 
C60,10 282032 0.00 
C60,11 274477 0.00 
C60,12 237394 0.00 
C60,13 265452 0.00 
C60,14 282602 0.00 
C60,15 243507 0.00 
C60,16 259303 0.00 
C60,17 259288 0.00 
C60,18 271907 0.00 
C60,19 252701 0.00 
C60,20 255594 0.00 
C60,21 236560 0.00 
C60,22 255525 0.00 
C60,23 258600 0.00 
C60,24 234678 0.00 
C60,25 223829 0.00 
C60,26 232872 0.00 
C60,27 276278 0.00 
C60,28 274283 0.00 
C60,29 274542 0.00 
C60,30 267731 0.00 
C60,31 266036 0.00 
C60,32 236416 0.00 
C60,33 284475 0.00 
C60,34 266761 0.00 
C60,35 270708 0.00 
C60,36 261637 0.00 
C60,37 274477 0.00 
C60,38 252653 0.00 
C60,39 250907 0.00 
C60,40 264360 0.00 
C60,41 292544 0.00 
C60,42 257603 0.00 
C60,43 246574 0.00 
C60,44 239123 0.00 
C60,45 265719 0.00 
C60,46 277249 0.00 
C60,47 258355 0.00 
C60,48 284482 0.00 
C60,49 238382 0.00 
C60,50 272596 0.00 
C60,51 246272 0.00 
C60,52 248676 0.00 
C60,53 249133 0.00 
C60,54 264203 0.00 
C60,55 237362 0.00 
C60,56 268176 0.00 
C60,57 269637 0.00 
C60,58 267965 0.00 
C60,59 282832 0.00 
C60,60 251146 0.00 
C60,61 219138 0.00 
C60,62 234153 0.00 
C60,63 267879 0.00 
C60,64 255952 0.00 
C60,65 242260 0.00 
C60,66 261285 0.00 
C60,67 263944 0.00 
C60,68 246196 0.00 
C60,69 250736 0.00 
C60,70 256684 0.00 
C60,71 265542 0.00 
C60,72 235899 0.00 
C60,73 260643 0.00 
C60,74 286876 0.00 
C60,75 298830 0.00 
C60,76 262377 0.00 
C60,77 239485 0.00 
C60,78 260027 0.00 
C60,79 287187 0.00 
C60,80 252834 0.00 
C60,81 254479 0.00 
C60,82 298307 0.00 
C60,83 245153 0.00 
C60,84 255386 0.00 
C60,85 265241 0.00 
C60,86 245124 0.00 
C60,87 239083 0.00 
C60,88 258433 0.00 
C60,89 268483 0.00 
C60,90 264913 0.00 
C60,91 276289 0.00 
C60,92 248640 0.00 
C60,93 261755 0.00 
C60,94 261530 0.00 
C60,95 269517 0.00 
C60,96 249199 0.00 
C60,97 223650 0.00 
C60,98 267103 0.00 
C60,99 237673 0.00 
C60,100 239226 0.00 
C61,1 280531 0.00 
C61,2 240557 0.00 
C61,3 268431 0.00 
C61,4 254872 0.00 
C61,5 294637 0.00 
C61,6 277611 0.00 
C61,7 255348 0.00 
C61,8 228549 0.00 
C61,9 266665 0.00 
C61,10 268841 0.00 
C61,11 277155 0.00 
C61,12 242193 0.00 
C61,13 238089 0.00 
C61,14 259965 0.00 
C61,15 230953 0.00 
C61,16 253880 0.00 
C61,17 272214 0.00 
C61,18 261251 0.00 
C61,19 258112 0.00 
C61,20 244620 0.00 
C61,21 251632 0.00 
C61,22 248184 0.00 
C61,23 260003 0.00 
C61,24 217356 0.00 
C61,25 223341 0.00 
C61,26 248997 0.00 
C61,27 262936 0.00 
C61,28 281624 0.00 
C61,29 253725 0.00 
C61,30 260625 0.00 
C61,31 259298 0.00 
C61,32 245547 0.00 
C61,33 282668 0.00 
C61,34 250241 0.00 
C61,35 272262 0.00 
C61,36 247319 0.00 
C61,37 268232 0.00 
C61,38 268453 0.00 
C61,39 251550 0.00 
C61,40 245049 0.00 
C61,41 272422 0.00 
C61,42 263890 0.00 
C61,43 229325 0.00 
C61,44 252897 0.00 
C61,45 266395 0.00 
C61,46 257793 0.00 
C61,47 249246 0.00 
C61,48 283345 0.00 
C61,49 244339 0.00 
C61,50 261761 0.00 
C61,51 249136 0.00 
C61,52 240177 0.00 
C61,53 248008 0.00 
C61,54 267239 0.00 
C61,55 240846 0.00 
C61,56 263285 0.00 
C61,57 265922 0.00 
C61,58 245361 0.00 
C61,59 268004 0.00 
C61,60 249664 0.00 
C61,61 204876 0.00 
C61,62 249756 0.00 
C61,63 252459 0.00 
C61,64 225101 0.00 
C61,65 230710 0.00 
C61,66 260466 0.00 
C61,67 245290 0.00 
C61,68 248787 0.00 
C61,69 255040 0.00 
C61,70 253011 0.00 
C61,71 255170 0.00 
C61,72 246198 0.00 
C61,73 247958 0.00 
C61,74 280638 0.00 
C61,75 290035 0.00 
C61,76 252028 0.00 
C61,77 248023 0.00 
C61,78 259184 0.00 
C61,79 281941 0.00 
C61,80 241331 0.00 
C61,81 243160 0.00 
C61,82 274770 0.00 
C61,83 224587 0.00 
C61,84 225278 0.00 
C61,85 261399 0.00 
C61,86 240956 0.00 
C61,87 238984 0.00 
C61,88 256755 0.00 
C61,89 254252 0.00 
C61,90 260931 0.00 
C61,91 271061 0.00 
C61,92 220435 0.00 
C61,93 244231 0.00 
C61,94 258762 0.00 
C61,95 258514 0.00 
C61,96 227651 0.00 
C61,97 228857 0.00 
C61,98 286637 0.00 
C61,99 223293 0.00 
C61,100 235124 0.00 
C62,1 286325 0.00 
C62,2 251675 0.00 
C62,3 273545 0.00 
C62,4 271798 0.00 
C62,5 267006 0.00 
C62,6 260874 0.00 
C62,7 260545 0.00 
C62,8 250280 0.00 
C62,9 278665 0.00 
C62,10 282990 0.00 
C62,11 269178 0.00 
C62,12 252174 0.00 
C62,13 267483 0.00 
C62,14 272992 0.00 
C62,15 277640 0.00 
C62,16 249420 0.00 
C62,17 263264 0.00 
C62,18 269516 0.00 
C62,19 272595 0.00 
C62,20 248842 0.00 
C62,21 257406 0.00 
C62,22 266726 0.00 
C62,23 267698 0.00 
C62,24 250641 0.00 
C62,25 235338 0.00 
C62,26 244009 0.00 
C62,27 272820 0.00 
C62,28 280853 0.00 
C62,29 283850 0.00 
C62,30 258146 0.00 
C62,31 278599 0.00 
C62,32 239775 0.00 
C62,33 280667 0.00 
C62,34 271702 0.00 
C62,35 271178 0.00 
C62,36 248125 0.00 
C62,37 269764 0.00 
C62,38 261354 0.00 
C62,39 255639 0.00 
C62,40 270008 0.00 
C62,41 292776 0.00 
C62,42 264628 0.00 
C62,43 253407 0.00 
C62,44 250815 0.00 
C62,45 284016 0.00 
C62,46 279113 0.00 
C62,47 271720 0.00 
C62,48 291697 0.00 
C62,49 241288 0.00 
C62,50 261029 0.00 
C62,51 260694 0.00 
C62,52 255269 0.00 
C62,53 271333 0.00 
C62,54 274181 0.00 
C62,55 249264 0.00 
C62,56 266016 0.00 
C62,57 269297 0.00 
C62,58 264342 0.00 
C62,59 281294 0.00 
C62,60 251497 0.00 
C62,61 216615 0.00 
C62,62 265334 0.00 
C62,63 285840 0.00 
C62,64 266333 0.00 
C62,65 247517 0.00 
C62,66 264482 0.00 
C62,67 251310 0.00 
C62,68 246545 0.00 
C62,69 253364 0.00 
C62,70 258647 0.00 
C62,71 257253 0.00 
C62,72 237042 0.00 
C62,73 239978 0.00 
C62,74 284713 0.00 
C62,75 281820 0.00 
C62,76 263718 0.00 
C62,77 249215 0.00 
C62,78 265378 0.00 
C62,79 291499 0.00 
C62,80 242374 0.00 
C62,81 263070 0.00 
C62,82 296788 0.00 
C62,83 246534 0.00 
C62,84 251350 0.00 
C62,85 265405 0.00 
C62,86 236185 0.00 
C62,87 243802 0.00 
C62,88 262599 0.00 
C62,89 271317 0.00 
C62,90 269344 0.00 
C62,91 267223 0.00 
C62,92 248111 0.00 
C62,93 245398 0.00 
C62,94 269804 0.00 
C62,95 275494 0.00 
C62,96 259611 0.00 
C62,97 224019 0.00 
C62,98 278656 0.00 
C62,99 235771 0.00 
C62,100 271739 0.00 
