100 100
C38,1 247701 0.00 
C38,2 218333 0.00 
C38,3 237140 0.00 
C38,4 225817 0.00 
C38,5 202175 0.00 
C38,6 204602 0.00 
C38,7 219735 0.00 
C38,8 189134 0.00 
C38,9 211141 0.00 
C38,10 232236 0.00 
C38,11 223918 0.00 
C38,12 212397 0.00 
C38,13 221450 0.00 
C38,14 232907 0.00 
C38,15 208762 0.00 
C38,16 222841 0.00 
C38,17 218420 0.00 
C38,18 236970 0.00 
C38,19 208930 0.00 
C38,20 197366 0.00 
C38,21 191369 0.00 
C38,22 226494 0.00 
C38,23 210783 0.00 
C38,24 195369 0.00 
C38,25 199455 0.00 
C38,26 195287 0.00 
C38,27 226422 0.00 
C38,28 225860 0.00 
C38,29 209945 0.00 
C38,30 211219 0.00 
C38,31 221310 0.00 
C38,32 196590 0.00 
C38,33 244753 0.00 
C38,34 232423 0.00 
C38,35 219234 0.00 
C38,36 199882 0.00 
C38,37 212768 0.00 
C38,38 212085 0.00 
C38,39 200498 0.00 
C38,40 217078 0.00 
C38,41 236747 0.00 
C38,42 211077 0.00 
C38,43 210148 0.00 
C38,44 193970 0.00 
C38,45 229287 0.00 
C38,46 218261 0.00 
C38,47 214664 0.00 
C38,48 230895 0.00 
C38,49 210546 0.00 
C38,50 207701 0.00 
C38,51 200176 0.00 
C38,52 202244 0.00 
C38,53 206329 0.00 
C38,54 219333 0.00 
C38,55 199253 0.00 
C38,56 239364 0.00 
C38,57 212935 0.00 
C38,58 213461 0.00 
C38,59 237054 0.00 
C38,60 202910 0.00 
C38,61 199089 0.00 
C38,62 205902 0.00 
C38,63 224314 0.00 
C38,64 206154 0.00 
C38,65 191592 0.00 
C38,66 235966 0.00 
C38,67 205377 0.00 
C38,68 204333 0.00 
C38,69 216116 0.00 
C38,70 224768 0.00 
C38,71 211162 0.00 
C38,72 196016 0.00 
C38,73 202595 0.00 
C38,74 235508 0.00 
C38,75 248674 0.00 
C38,76 233155 0.00 
C38,77 198421 0.00 
C38,78 219679 0.00 
C38,79 236257 0.00 
C38,80 209358 0.00 
C38,81 203133 0.00 
C38,82 241650 0.00 
C38,83 190780 0.00 
C38,84 194796 0.00 
C38,85 201097 0.00 
C38,86 204158 0.00 
C38,87 211234 0.00 
C38,88 221606 0.00 
C38,89 223915 0.00 
C38,90 222067 0.00 
C38,91 223904 0.00 
C38,92 187730 0.00 
C38,93 229289 0.00 
C38,94 225439 0.00 
C38,95 220273 0.00 
C38,96 200975 0.00 
C38,97 171254 0.00 
C38,98 219467 0.00 
C38,99 200875 0.00 
C38,100 196847 0.00 
C39,1 247796 0.00 
C39,2 218745 0.00 
C39,3 243559 0.00 
C39,4 237524 0.00 
C39,5 234471 0.00 
C39,6 216720 0.00 
C39,7 227297 0.00 
C39,8 223110 0.00 
C39,9 233218 0.00 
C39,10 239136 0.00 
C39,11 248258 0.00 
C39,12 223519 0.00 
C39,13 233121 0.00 
C39,14 236917 0.00 
C39,15 205312 0.00 
C39,16 211009 0.00 
C39,17 224888 0.00 
C39,18 226620 0.00 
C39,19 227147 0.00 
C39,20 218377 0.00 
C39,21 221282 0.00 
C39,22 234697 0.00 
C39,23 223109 0.00 
C39,24 216102 0.00 
C39,25 199391 0.00 
C39,26 206835 0.00 
C39,27 226430 0.00 
C39,28 231154 0.00 
C39,29 231326 0.00 
C39,30 236867 0.00 
C39,31 229247 0.00 
C39,32 205803 0.00 
C39,33 252852 0.00 
C39,34 249005 0.00 
C39,35 237631 0.00 
C39,36 227216 0.00 
C39,37 234941 0.00 
C39,38 232576 0.00 
C39,39 209942 0.00 
C39,40 223676 0.00 
C39,41 257412 0.00 
C39,42 237122 0.00 
C39,43 212983 0.00 
C39,44 204582 0.00 
C39,45 237450 0.00 
C39,46 226658 0.00 
C39,47 214550 0.00 
C39,48 232766 0.00 
C39,49 211483 0.00 
C39,50 226717 0.00 
C39,51 242579 0.00 
C39,52 224344 0.00 
C39,53 222539 0.00 
C39,54 253853 0.00 
C39,55 206431 0.00 
C39,56 232639 0.00 
C39,57 230062 0.00 
C39,58 220955 0.00 
C39,59 253225 0.00 
C39,60 222866 0.00 
C39,61 196969 0.00 
C39,62 234155 0.00 
C39,63 241480 0.00 
C39,64 211114 0.00 
C39,65 216091 0.00 
C39,66 231160 0.00 
C39,67 216006 0.00 
C39,68 224774 0.00 
C39,69 227381 0.00 
C39,70 232727 0.00 
C39,71 223706 0.00 
C39,72 212161 0.00 
C39,73 213361 0.00 
C39,74 251813 0.00 
C39,75 256015 0.00 
C39,76 224313 0.00 
C39,77 225644 0.00 
C39,78 237208 0.00 
C39,79 241250 0.00 
C39,80 218444 0.00 
C39,81 215100 0.00 
C39,82 242335 0.00 
C39,83 216470 0.00 
C39,84 221258 0.00 
C39,85 241433 0.00 
C39,86 202669 0.00 
C39,87 215313 0.00 
C39,88 231327 0.00 
C39,89 231762 0.00 
C39,90 244664 0.00 
C39,91 249588 0.00 
C39,92 223312 0.00 
C39,93 227656 0.00 
C39,94 238677 0.00 
C39,95 260181 0.00 
C39,96 221966 0.00 
C39,97 195389 0.00 
C39,98 266565 0.00 
C39,99 210128 0.00 
C39,100 227867 0.00 
C40,1 266076 0.00 
C40,2 209725 0.00 
C40,3 245288 0.00 
C40,4 230464 0.00 
C40,5 244360 0.00 
C40,6 221091 0.00 
C40,7 241916 0.00 
C40,8 218202 0.00 
C40,9 240277 0.00 
C40,10 239410 0.00 
C40,11 254327 0.00 
C40,12 229367 0.00 
C40,13 240775 0.00 
C40,14 250128 0.00 
C40,15 226941 0.00 
C40,16 209437 0.00 
C40,17 233989 0.00 
C40,18 240319 0.00 
C40,19 231368 0.00 
C40,20 215754 0.00 
C40,21 209808 0.00 
C40,22 248384 0.00 
C40,23 227543 0.00 
C40,24 209818 0.00 
C40,25 226283 0.00 
C40,26 213480 0.00 
C40,27 251263 0.00 
C40,28 246083 0.00 
C40,29 252686 0.00 
C40,30 236256 0.00 
C40,31 241268 0.00 
C40,32 221974 0.00 
C40,33 254203 0.00 
C40,34 259397 0.00 
C40,35 218567 0.00 
C40,36 225026 0.00 
C40,37 248030 0.00 
C40,38 234629 0.00 
C40,39 213355 0.00 
C40,40 230633 0.00 
C40,41 259035 0.00 
C40,42 228232 0.00 
C40,43 208181 0.00 
C40,44 210515 0.00 
C40,45 244391 0.00 
C40,46 231215 0.00 
C40,47 238870 0.00 
C40,48 231853 0.00 
C40,49 200909 0.00 
C40,50 226613 0.00 
C40,51 226171 0.00 
C40,52 218879 0.00 
C40,53 226018 0.00 
C40,54 240760 0.00 
C40,55 207605 0.00 
C40,56 249174 0.00 
C40,57 224860 0.00 
C40,58 213820 0.00 
C40,59 255237 0.00 
C40,60 211854 0.00 
C40,61 199576 0.00 
C40,62 231564 0.00 
C40,63 232896 0.00 
C40,64 208043 0.00 
C40,65 224251 0.00 
C40,66 243376 0.00 
C40,67 226581 0.00 
C40,68 231750 0.00 
C40,69 235932 0.00 
C40,70 233300 0.00 
C40,71 233735 0.00 
C40,72 216176 0.00 
C40,73 220285 0.00 
C40,74 260763 0.00 
C40,75 256270 0.00 
C40,76 236779 0.00 
C40,77 222553 0.00 
C40,78 235998 0.00 
C40,79 240622 0.00 
C40,80 227397 0.00 
C40,81 217084 0.00 
C40,82 250171 0.00 
C40,83 198615 0.00 
C40,84 202400 0.00 
C40,85 239771 0.00 
C40,86 213207 0.00 
C40,87 208529 0.00 
C40,88 237665 0.00 
C40,89 235254 0.00 
C40,90 239369 0.00 
C40,91 238957 0.00 
C40,92 214668 0.00 
C40,93 222024 0.00 
C40,94 250623 0.00 
C40,95 231874 0.00 
C40,96 228247 0.00 
C40,97 187103 0.00 
C40,98 239072 0.00 
C40,99 199570 0.00 
C40,100 215048 0.00 
C41,1 249113 0.00 
C41,2 206344 0.00 
C41,3 243702 0.00 
C41,4 240625 0.00 
C41,5 224219 0.00 
C41,6 222619 0.00 
C41,7 230222 0.00 
C41,8 206283 0.00 
C41,9 235463 0.00 
C41,10 233064 0.00 
C41,11 245243 0.00 
C41,12 210550 0.00 
C41,13 227481 0.00 
C41,14 237927 0.00 
C41,15 203396 0.00 
C41,16 227912 0.00 
C41,17 241594 0.00 
C41,18 212426 0.00 
C41,19 217638 0.00 
C41,20 216125 0.00 
C41,21 204381 0.00 
C41,22 228537 0.00 
C41,23 226169 0.00 
C41,24 198566 0.00 
C41,25 212349 0.00 
C41,26 202911 0.00 
C41,27 232528 0.00 
C41,28 251244 0.00 
C41,29 212676 0.00 
C41,30 235525 0.00 
C41,31 242754 0.00 
C41,32 200360 0.00 
C41,33 249669 0.00 
C41,34 243671 0.00 
C41,35 231538 0.00 
C41,36 218673 0.00 
C41,37 236239 0.00 
C41,38 226936 0.00 
C41,39 211271 0.00 
C41,40 213675 0.00 
C41,41 249778 0.00 
C41,42 224646 0.00 
C41,43 214119 0.00 
C41,44 207777 0.00 
C41,45 257871 0.00 
C41,46 227971 0.00 
C41,47 209674 0.00 
C41,48 250652 0.00 
C41,49 222233 0.00 
C41,50 232968 0.00 
C41,51 224078 0.00 
C41,52 205580 0.00 
C41,53 233273 0.00 
C41,54 230234 0.00 
C41,55 197702 0.00 
C41,56 250180 0.00 
C41,57 241540 0.00 
C41,58 219511 0.00 
C41,59 244953 0.00 
C41,60 226853 0.00 
C41,61 202531 0.00 
C41,62 222177 0.00 
C41,63 228026 0.00 
C41,64 189836 0.00 
C41,65 228337 0.00 
C41,66 236888 0.00 
C41,67 201651 0.00 
C41,68 223338 0.00 
C41,69 211691 0.00 
C41,70 222556 0.00 
C41,71 206789 0.00 
C41,72 220187 0.00 
C41,73 207522 0.00 
C41,74 240685 0.00 
C41,75 254485 0.00 
C41,76 229571 0.00 
C41,77 191486 0.00 
C41,78 229787 0.00 
C41,79 241605 0.00 
C41,80 213174 0.00 
C41,81 234744 0.00 
C41,82 252365 0.00 
C41,83 193791 0.00 
C41,84 221394 0.00 
C41,85 210806 0.00 
C41,86 221381 0.00 
C41,87 213611 0.00 
C41,88 218240 0.00 
C41,89 225804 0.00 
C41,90 245003 0.00 
C41,91 217513 0.00 
C41,92 195863 0.00 
C41,93 226203 0.00 
C41,94 236035 0.00 
C41,95 225739 0.00 
C41,96 222836 0.00 
C41,97 203072 0.00 
C41,98 241800 0.00 
C41,99 207497 0.00 
C41,100 205566 0.00 
C42,1 283778 0.00 
C42,2 225150 0.00 
C42,3 252134 0.00 
C42,4 248334 0.00 
C42,5 254319 0.00 
C42,6 248960 0.00 
C42,7 240099 0.00 
C42,8 231984 0.00 
C42,9 249375 0.00 
C42,10 257133 0.00 
C42,11 271580 0.00 
C42,12 231255 0.00 
C42,13 257303 0.00 
C42,14 259082 0.00 
C42,15 229065 0.00 
C42,16 239246 0.00 
C42,17 249525 0.00 
C42,18 258529 0.00 
C42,19 251453 0.00 
C42,20 226533 0.00 
C42,21 240151 0.00 
C42,22 249646 0.00 
C42,23 231410 0.00 
C42,24 222719 0.00 
C42,25 216801 0.00 
C42,26 219679 0.00 
C42,27 256070 0.00 
C42,28 259836 0.00 
C42,29 243037 0.00 
C42,30 243109 0.00 
C42,31 268530 0.00 
C42,32 221203 0.00 
C42,33 262482 0.00 
C42,34 251726 0.00 
C42,35 262944 0.00 
C42,36 227165 0.00 
C42,37 249435 0.00 
C42,38 255221 0.00 
C42,39 240541 0.00 
C42,40 245170 0.00 
C42,41 273384 0.00 
C42,42 260452 0.00 
C42,43 242486 0.00 
C42,44 225799 0.00 
C42,45 261384 0.00 
C42,46 250779 0.00 
C42,47 237103 0.00 
C42,48 263178 0.00 
C42,49 229512 0.00 
C42,50 248147 0.00 
C42,51 263208 0.00 
C42,52 218567 0.00 
C42,53 253072 0.00 
C42,54 254695 0.00 
C42,55 221487 0.00 
C42,56 254514 0.00 
C42,57 246918 0.00 
C42,58 234270 0.00 
C42,59 254202 0.00 
C42,60 223193 0.00 
C42,61 208411 0.00 
C42,62 245686 0.00 
C42,63 233360 0.00 
C42,64 217009 0.00 
C42,65 233258 0.00 
C42,66 254171 0.00 
C42,67 236999 0.00 
C42,68 231798 0.00 
C42,69 240352 0.00 
C42,70 251002 0.00 
C42,71 238978 0.00 
C42,72 238129 0.00 
C42,73 223752 0.00 
C42,74 283602 0.00 
C42,75 277345 0.00 
C42,76 269214 0.00 
C42,77 227335 0.00 
C42,78 250129 0.00 
C42,79 242708 0.00 
C42,80 224034 0.00 
C42,81 231245 0.00 
C42,82 263740 0.00 
C42,83 230505 0.00 
C42,84 231810 0.00 
C42,85 237691 0.00 
C42,86 233362 0.00 
C42,87 211925 0.00 
C42,88 252157 0.00 
C42,89 244897 0.00 
C42,90 248897 0.00 
C42,91 255085 0.00 
C42,92 221726 0.00 
C42,93 238503 0.00 
C42,94 254715 0.00 
C42,95 257437 0.00 
C42,96 236431 0.00 
C42,97 209505 0.00 
C42,98 271188 0.00 
C42,99 202192 0.00 
C42,100 231093 0.00 
C43,1 274731 0.00 
C43,2 248563 0.00 
C43,3 266408 0.00 
C43,4 258000 0.00 
C43,5 257336 0.00 
C43,6 246639 0.00 
C43,7 250729 0.00 
C43,8 228753 0.00 
C43,9 249871 0.00 
C43,10 261315 0.00 
C43,11 252839 0.00 
C43,12 232922 0.00 
C43,13 255443 0.00 
C43,14 267109 0.00 
C43,15 225191 0.00 
C43,16 235959 0.00 
C43,17 260999 0.00 
C43,18 254220 0.00 
C43,19 251425 0.00 
C43,20 223428 0.00 
C43,21 228146 0.00 
C43,22 242975 0.00 
C43,23 234389 0.00 
C43,24 210455 0.00 
C43,25 208312 0.00 
C43,26 236126 0.00 
C43,27 263371 0.00 
C43,28 258854 0.00 
C43,29 240546 0.00 
C43,30 238222 0.00 
C43,31 251150 0.00 
C43,32 226471 0.00 
C43,33 268831 0.00 
C43,34 252988 0.00 
C43,35 254390 0.00 
C43,36 227832 0.00 
C43,37 269656 0.00 
C43,38 255917 0.00 
C43,39 234439 0.00 
C43,40 259509 0.00 
C43,41 276385 0.00 
C43,42 253698 0.00 
C43,43 235950 0.00 
C43,44 229340 0.00 
C43,45 266647 0.00 
C43,46 242225 0.00 
C43,47 244018 0.00 
C43,48 272200 0.00 
C43,49 237810 0.00 
C43,50 248111 0.00 
C43,51 238903 0.00 
C43,52 229127 0.00 
C43,53 252590 0.00 
C43,54 261653 0.00 
C43,55 221776 0.00 
C43,56 255405 0.00 
C43,57 246468 0.00 
C43,58 227543 0.00 
C43,59 265949 0.00 
C43,60 241893 0.00 
C43,61 204155 0.00 
C43,62 254029 0.00 
C43,63 246805 0.00 
C43,64 228818 0.00 
C43,65 235790 0.00 
C43,66 268432 0.00 
C43,67 229423 0.00 
C43,68 242974 0.00 
C43,69 242695 0.00 
C43,70 243690 0.00 
C43,71 241556 0.00 
C43,72 229259 0.00 
C43,73 224001 0.00 
C43,74 255671 0.00 
C43,75 283785 0.00 
C43,76 247266 0.00 
C43,77 231080 0.00 
C43,78 252325 0.00 
C43,79 254332 0.00 
C43,80 237975 0.00 
C43,81 235965 0.00 
C43,82 276229 0.00 
C43,83 217855 0.00 
C43,84 235727 0.00 
C43,85 242272 0.00 
C43,86 212309 0.00 
C43,87 243262 0.00 
C43,88 239079 0.00 
C43,89 247800 0.00 
C43,90 256883 0.00 
C43,91 250776 0.00 
C43,92 207147 0.00 
C43,93 245475 0.00 
C43,94 259967 0.00 
C43,95 245148 0.00 
C43,96 237033 0.00 
C43,97 217588 0.00 
C43,98 258992 0.00 
C43,99 222458 0.00 
C43,100 229822 0.00 
C44,1 297650 0.00 
C44,2 245928 0.00 
C44,3 294010 0.00 
C44,4 280217 0.00 
C44,5 271239 0.00 
C44,6 273441 0.00 
C44,7 275465 0.00 
C44,8 258561 0.00 
C44,9 287708 0.00 
C44,10 289603 0.00 
C44,11 292206 0.00 
C44,12 273674 0.00 
C44,13 263509 0.00 
C44,14 281575 0.00 
C44,15 257061 0.00 
C44,16 268959 0.00 
C44,17 269412 0.00 
C44,18 267657 0.00 
C44,19 275329 0.00 
C44,20 254645 0.00 
C44,21 259587 0.00 
C44,22 271386 0.00 
C44,23 261332 0.00 
C44,24 248030 0.00 
C44,25 241988 0.00 
C44,26 252519 0.00 
C44,27 277797 0.00 
C44,28 287472 0.00 
C44,29 263439 0.00 
C44,30 283094 0.00 
C44,31 269403 0.00 
C44,32 246170 0.00 
C44,33 302347 0.00 
C44,34 299496 0.00 
C44,35 271728 0.00 
C44,36 263140 0.00 
C44,37 302487 0.00 
C44,38 276175 0.00 
C44,39 261006 0.00 
C44,40 264201 0.00 
C44,41 292926 0.00 
C44,42 273191 0.00 
C44,43 260711 0.00 
C44,44 248903 0.00 
C44,45 291068 0.00 
C44,46 267954 0.00 
C44,47 270166 0.00 
C44,48 293916 0.00 
C44,49 248854 0.00 
C44,50 264511 0.00 
C44,51 278586 0.00 
C44,52 261672 0.00 
C44,53 278899 0.00 
C44,54 293973 0.00 
C44,55 241082 0.00 
C44,56 287597 0.00 
C44,57 273525 0.00 
C44,58 264333 0.00 
C44,59 282072 0.00 
C44,60 275670 0.00 
C44,61 248608 0.00 
C44,62 280420 0.00 
C44,63 267684 0.00 
C44,64 255386 0.00 
C44,65 253654 0.00 
C44,66 281095 0.00 
C44,67 245851 0.00 
C44,68 269713 0.00 
C44,69 259437 0.00 
C44,70 280969 0.00 
C44,71 270447 0.00 
C44,72 260595 0.00 
C44,73 247132 0.00 
C44,74 299541 0.00 
C44,75 309354 0.00 
C44,76 280152 0.00 
C44,77 271048 0.00 
C44,78 264365 0.00 
C44,79 269873 0.00 
C44,80 264588 0.00 
C44,81 259901 0.00 
C44,82 295535 0.00 
C44,83 250560 0.00 
C44,84 247396 0.00 
C44,85 273378 0.00 
C44,86 247975 0.00 
C44,87 252786 0.00 
C44,88 280276 0.00 
C44,89 281422 0.00 
C44,90 293507 0.00 
C44,91 266093 0.00 
C44,92 268321 0.00 
C44,93 267796 0.00 
C44,94 274452 0.00 
C44,95 303931 0.00 
C44,96 270972 0.00 
C44,97 227465 0.00 
C44,98 295280 0.00 
C44,99 237344 0.00 
C44,100 261359 0.00 
C45,1 273432 0.00 
C45,2 252111 0.00 
C45,3 277321 0.00 
C45,4 271586 0.00 
C45,5 255490 0.00 
C45,6 246415 0.00 
C45,7 263525 0.00 
C45,8 231088 0.00 
C45,9 262847 0.00 
C45,10 265341 0.00 
C45,11 273015 0.00 
C45,12 237861 0.00 
C45,13 257329 0.00 
C45,14 276167 0.00 
C45,15 232896 0.00 
C45,16 248594 0.00 
C45,17 270514 0.00 
C45,18 258896 0.00 
C45,19 263686 0.00 
C45,20 240452 0.00 
C45,21 245314 0.00 
C45,22 252191 0.00 
C45,23 258621 0.00 
C45,24 222454 0.00 
C45,25 222027 0.00 
C45,26 228644 0.00 
C45,27 262954 0.00 
C45,28 258659 0.00 
C45,29 261077 0.00 
C45,30 263316 0.00 
C45,31 277864 0.00 
C45,32 222645 0.00 
C45,33 275428 0.00 
C45,34 273955 0.00 
C45,35 262580 0.00 
C45,36 248188 0.00 
C45,37 253268 0.00 
C45,38 256001 0.00 
C45,39 254262 0.00 
C45,40 243431 0.00 
C45,41 284549 0.00 
C45,42 263377 0.00 
C45,43 228405 0.00 
C45,44 240119 0.00 
C45,45 268494 0.00 
C45,46 263481 0.00 
C45,47 261997 0.00 
C45,48 281661 0.00 
C45,49 234988 0.00 
C45,50 256288 0.00 
C45,51 259567 0.00 
C45,52 239382 0.00 
C45,53 256747 0.00 
C45,54 268534 0.00 
C45,55 237532 0.00 
C45,56 279707 0.00 
C45,57 247822 0.00 
C45,58 250647 0.00 
C45,59 264653 0.00 
C45,60 249112 0.00 
C45,61 216688 0.00 
C45,62 256557 0.00 
C45,63 269467 0.00 
C45,64 238375 0.00 
C45,65 235154 0.00 
C45,66 264990 0.00 
C45,67 237929 0.00 
C45,68 255319 0.00 
C45,69 262378 0.00 
C45,70 258516 0.00 
C45,71 245192 0.00 
C45,72 238771 0.00 
C45,73 243287 0.00 
C45,74 274417 0.00 
C45,75 307326 0.00 
C45,76 265946 0.00 
C45,77 235164 0.00 
C45,78 244524 0.00 
C45,79 273080 0.00 
C45,80 241364 0.00 
C45,81 243082 0.00 
C45,82 278964 0.00 
C45,83 242126 0.00 
C45,84 240500 0.00 
C45,85 269832 0.00 
C45,86 234319 0.00 
C45,87 228488 0.00 
C45,88 247070 0.00 
C45,89 267014 0.00 
C45,90 259297 0.00 
C45,91 256298 0.00 
C45,92 246768 0.00 
C45,93 243062 0.00 
C45,94 271504 0.00 
C45,95 261886 0.00 
C45,96 249488 0.00 
C45,97 228307 0.00 
C45,98 278897 0.00 
C45,99 227407 0.00 
C45,100 249740 0.00 
C46,1 257817 0.00 
C46,2 233570 0.00 
C46,3 260743 0.00 
C46,4 242260 0.00 
C46,5 238692 0.00 
C46,6 234150 0.00 
C46,7 238565 0.00 
C46,8 216787 0.00 
C46,9 237488 0.00 
C46,10 249232 0.00 
C46,11 242945 0.00 
C46,12 235667 0.00 
C46,13 238898 0.00 
C46,14 262358 0.00 
C46,15 228243 0.00 
C46,16 234741 0.00 
C46,17 245457 0.00 
C46,18 249417 0.00 
C46,19 235403 0.00 
C46,20 219559 0.00 
C46,21 221626 0.00 
C46,22 250544 0.00 
C46,23 223648 0.00 
C46,24 208169 0.00 
C46,25 218293 0.00 
C46,26 215558 0.00 
C46,27 245240 0.00 
C46,28 232757 0.00 
C46,29 236248 0.00 
C46,30 238442 0.00 
C46,31 247673 0.00 
C46,32 218107 0.00 
C46,33 257091 0.00 
C46,34 269936 0.00 
C46,35 244735 0.00 
C46,36 221236 0.00 
C46,37 247194 0.00 
C46,38 233887 0.00 
C46,39 233290 0.00 
C46,40 237796 0.00 
C46,41 257974 0.00 
C46,42 261301 0.00 
C46,43 227372 0.00 
C46,44 222096 0.00 
C46,45 263217 0.00 
C46,46 249646 0.00 
C46,47 241435 0.00 
C46,48 256740 0.00 
C46,49 237125 0.00 
C46,50 228521 0.00 
C46,51 228015 0.00 
C46,52 225197 0.00 
C46,53 242440 0.00 
C46,54 245801 0.00 
C46,55 209408 0.00 
C46,56 247409 0.00 
C46,57 243589 0.00 
C46,58 236034 0.00 
C46,59 265576 0.00 
C46,60 229360 0.00 
C46,61 212099 0.00 
C46,62 240278 0.00 
C46,63 247929 0.00 
C46,64 216362 0.00 
C46,65 228389 0.00 
C46,66 251935 0.00 
C46,67 220840 0.00 
C46,68 233263 0.00 
C46,69 239941 0.00 
C46,70 238633 0.00 
C46,71 226068 0.00 
C46,72 221841 0.00 
C46,73 221629 0.00 
C46,74 255122 0.00 
C46,75 277715 0.00 
C46,76 236286 0.00 
C46,77 232828 0.00 
C46,78 248351 0.00 
C46,79 257328 0.00 
C46,80 224307 0.00 
C46,81 225905 0.00 
C46,82 265768 0.00 
C46,83 224424 0.00 
C46,84 223141 0.00 
C46,85 221632 0.00 
C46,86 220007 0.00 
C46,87 226353 0.00 
C46,88 246218 0.00 
C46,89 237138 0.00 
C46,90 249922 0.00 
C46,91 249912 0.00 
C46,92 218567 0.00 
C46,93 235874 0.00 
C46,94 240347 0.00 
C46,95 245398 0.00 
C46,96 235342 0.00 
C46,97 191916 0.00 
C46,98 257094 0.00 
C46,99 209783 0.00 
C46,100 225643 0.00 
C47,1 271302 0.00 
C47,2 223636 0.00 
C47,3 247160 0.00 
C47,4 240327 0.00 
C47,5 242582 0.00 
C47,6 245115 0.00 
C47,7 238322 0.00 
C47,8 239277 0.00 
C47,9 228635 0.00 
C47,10 240321 0.00 
C47,11 254389 0.00 
C47,12 230484 0.00 
C47,13 252839 0.00 
C47,14 248807 0.00 
C47,15 215189 0.00 
C47,16 234436 0.00 
C47,17 231104 0.00 
C47,18 239225 0.00 
C47,19 228143 0.00 
C47,20 235960 0.00 
C47,21 217241 0.00 
C47,22 240158 0.00 
C47,23 244005 0.00 
C47,24 209840 0.00 
C47,25 215527 0.00 
C47,26 205930 0.00 
C47,27 247879 0.00 
C47,28 260909 0.00 
C47,29 221290 0.00 
C47,30 241802 0.00 
C47,31 243798 0.00 
C47,32 213735 0.00 
C47,33 246509 0.00 
C47,34 248654 0.00 
C47,35 242174 0.00 
C47,36 216697 0.00 
C47,37 235255 0.00 
C47,38 231591 0.00 
C47,39 226784 0.00 
C47,40 259902 0.00 
C47,41 265171 0.00 
C47,42 235376 0.00 
C47,43 236265 0.00 
C47,44 210786 0.00 
C47,45 265898 0.00 
C47,46 239041 0.00 
C47,47 236344 0.00 
C47,48 264113 0.00 
C47,49 216566 0.00 
C47,50 235745 0.00 
C47,51 223781 0.00 
C47,52 227139 0.00 
C47,53 239121 0.00 
C47,54 261330 0.00 
C47,55 229491 0.00 
C47,56 246549 0.00 
C47,57 250677 0.00 
C47,58 240319 0.00 
C47,59 246798 0.00 
C47,60 224319 0.00 
C47,61 203482 0.00 
C47,62 254161 0.00 
C47,63 246213 0.00 
C47,64 219638 0.00 
C47,65 217719 0.00 
C47,66 227471 0.00 
C47,67 229470 0.00 
C47,68 215904 0.00 
C47,69 240998 0.00 
C47,70 243262 0.00 
C47,71 247429 0.00 
C47,72 214943 0.00 
C47,73 211895 0.00 
C47,74 259947 0.00 
C47,75 267419 0.00 
C47,76 245998 0.00 
C47,77 223160 0.00 
C47,78 234601 0.00 
C47,79 240346 0.00 
C47,80 225359 0.00 
C47,81 219770 0.00 
C47,82 266429 0.00 
C47,83 220789 0.00 
C47,84 230538 0.00 
C47,85 236779 0.00 
C47,86 223047 0.00 
C47,87 216550 0.00 
C47,88 248511 0.00 
C47,89 245441 0.00 
C47,90 254612 0.00 
C47,91 248210 0.00 
C47,92 214691 0.00 
C47,93 241182 0.00 
C47,94 242954 0.00 
C47,95 252780 0.00 
C47,96 215815 0.00 
C47,97 187663 0.00 
C47,98 250218 0.00 
C47,99 208553 0.00 
C47,100 216691 0.00 
C48,1 256979 0.00 
C48,2 223409 0.00 
C48,3 249633 0.00 
C48,4 248720 0.00 
C48,5 228027 0.00 
C48,6 258540 0.00 
C48,7 244016 0.00 
C48,8 225187 0.00 
C48,9 243365 0.00 
C48,10 256175 0.00 
C48,11 265269 0.00 
C48,12 238852 0.00 
C48,13 246487 0.00 
C48,14 261872 0.00 
C48,15 217154 0.00 
C48,16 235192 0.00 
C48,17 243621 0.00 
C48,18 247337 0.00 
C48,19 227995 0.00 
C48,20 230327 0.00 
C48,21 217151 0.00 
C48,22 230141 0.00 
C48,23 231662 0.00 
C48,24 214274 0.00 
C48,25 212660 0.00 
C48,26 226865 0.00 
C48,27 257338 0.00 
C48,28 256406 0.00 
C48,29 239900 0.00 
C48,30 242206 0.00 
C48,31 252221 0.00 
C48,32 223814 0.00 
C48,33 263219 0.00 
C48,34 262587 0.00 
C48,35 259673 0.00 
C48,36 217673 0.00 
C48,37 264126 0.00 
C48,38 240584 0.00 
C48,39 202928 0.00 
C48,40 263466 0.00 
C48,41 254427 0.00 
C48,42 242023 0.00 
C48,43 225767 0.00 
C48,44 219297 0.00 
C48,45 251394 0.00 
C48,46 244719 0.00 
C48,47 219982 0.00 
C48,48 265771 0.00 
C48,49 226366 0.00 
C48,50 245984 0.00 
C48,51 237849 0.00 
C48,52 237051 0.00 
C48,53 245325 0.00 
C48,54 242647 0.00 
C48,55 208843 0.00 
C48,56 251016 0.00 
C48,57 240771 0.00 
C48,58 237980 0.00 
C48,59 260124 0.00 
C48,60 236899 0.00 
C48,61 200689 0.00 
C48,62 231773 0.00 
C48,63 233166 0.00 
C48,64 225382 0.00 
C48,65 249346 0.00 
C48,66 249330 0.00 
C48,67 226374 0.00 
C48,68 225833 0.00 
C48,69 239917 0.00 
C48,70 241443 0.00 
C48,71 228683 0.00 
C48,72 241090 0.00 
C48,73 225629 0.00 
C48,74 258318 0.00 
C48,75 287597 0.00 
C48,76 233132 0.00 
C48,77 213494 0.00 
C48,78 232157 0.00 
C48,79 263368 0.00 
C48,80 236582 0.00 
C48,81 236550 0.00 
C48,82 283996 0.00 
C48,83 222763 0.00 
C48,84 223640 0.00 
C48,85 239629 0.00 
C48,86 205265 0.00 
C48,87 232110 0.00 
C48,88 254076 0.00 
C48,89 248476 0.00 
C48,90 248748 0.00 
C48,91 244768 0.00 
C48,92 214899 0.00 
C48,93 236509 0.00 
C48,94 252709 0.00 
C48,95 237968 0.00 
C48,96 228565 0.00 
C48,97 195331 0.00 
C48,98 244251 0.00 
C48,99 230745 0.00 
C48,100 226052 0.00 
C49,1 287115 0.00 
C49,2 243234 0.00 
C49,3 263066 0.00 
C49,4 257943 0.00 
C49,5 269077 0.00 
C49,6 257057 0.00 
C49,7 246258 0.00 
C49,8 249591 0.00 
C49,9 265715 0.00 
C49,10 275594 0.00 
C49,11 273866 0.00 
C49,12 255066 0.00 
C49,13 254769 0.00 
C49,14 283055 0.00 
C49,15 233350 0.00 
C49,16 255559 0.00 
C49,17 265241 0.00 
C49,18 268341 0.00 
C49,19 257299 0.00 
C49,20 241710 0.00 
C49,21 243679 0.00 
C49,22 255500 0.00 
C49,23 236447 0.00 
C49,24 215934 0.00 
C49,25 230563 0.00 
C49,26 249426 0.00 
C49,27 270167 0.00 
C49,28 261362 0.00 
C49,29 262104 0.00 
C49,30 259936 0.00 
C49,31 258788 0.00 
C49,32 236558 0.00 
C49,33 283541 0.00 
C49,34 275058 0.00 
C49,35 264790 0.00 
C49,36 246886 0.00 
C49,37 279171 0.00 
C49,38 264413 0.00 
C49,39 251240 0.00 
C49,40 262597 0.00 
C49,41 281750 0.00 
C49,42 277987 0.00 
C49,43 253436 0.00 
C49,44 247894 0.00 
C49,45 265208 0.00 
C49,46 259486 0.00 
C49,47 255201 0.00 
C49,48 274939 0.00 
C49,49 248742 0.00 
C49,50 252078 0.00 
C49,51 247631 0.00 
C49,52 246757 0.00 
C49,53 258306 0.00 
C49,54 276775 0.00 
C49,55 223817 0.00 
C49,56 263305 0.00 
C49,57 262789 0.00 
C49,58 241792 0.00 
C49,59 269725 0.00 
C49,60 249198 0.00 
C49,61 227611 0.00 
C49,62 259555 0.00 
C49,63 251084 0.00 
C49,64 239068 0.00 
C49,65 238217 0.00 
C49,66 253937 0.00 
C49,67 254138 0.00 
C49,68 249092 0.00 
C49,69 249424 0.00 
C49,70 263975 0.00 
C49,71 260983 0.00 
C49,72 235326 0.00 
C49,73 240089 0.00 
C49,74 280932 0.00 
C49,75 296933 0.00 
C49,76 256157 0.00 
C49,77 251189 0.00 
C49,78 276974 0.00 
C49,79 275145 0.00 
C49,80 246889 0.00 
C49,81 254556 0.00 
C49,82 287346 0.00 
C49,83 235656 0.00 
C49,84 239792 0.00 
C49,85 251291 0.00 
C49,86 237313 0.00 
C49,87 247920 0.00 
C49,88 269515 0.00 
C49,89 265546 0.00 
C49,90 259142 0.00 
C49,91 272543 0.00 
C49,92 230491 0.00 
C49,93 256068 0.00 
C49,94 259298 0.00 
C49,95 275409 0.00 
C49,96 248025 0.00 
C49,97 214765 0.00 
C49,98 281087 0.00 
C49,99 225615 0.00 
C49,100 247944 0.00 
C50,1 267130 0.00 
C50,2 227364 0.00 
C50,3 247129 0.00 
C50,4 238380 0.00 
C50,5 254570 0.00 
C50,6 249759 0.00 
C50,7 229648 0.00 
C50,8 230078 0.00 
C50,9 241735 0.00 
C50,10 257651 0.00 
C50,11 264575 0.00 
C50,12 225930 0.00 
C50,13 239761 0.00 
C50,14 269323 0.00 
C50,15 225331 0.00 
C50,16 239727 0.00 
C50,17 234326 0.00 
C50,18 245537 0.00 
C50,19 234852 0.00 
C50,20 230394 0.00 
C50,21 243903 0.00 
C50,22 243866 0.00 
C50,23 231369 0.00 
C50,24 226240 0.00 
C50,25 215073 0.00 
C50,26 231465 0.00 
C50,27 262836 0.00 
C50,28 264516 0.00 
C50,29 241392 0.00 
C50,30 247051 0.00 
C50,31 263664 0.00 
C50,32 231047 0.00 
C50,33 259819 0.00 
C50,34 269342 0.00 
C50,35 263222 0.00 
C50,36 241664 0.00 
C50,37 254376 0.00 
C50,38 243345 0.00 
C50,39 240358 0.00 
C50,40 237614 0.00 
C50,41 259069 0.00 
C50,42 253987 0.00 
C50,43 229094 0.00 
C50,44 231117 0.00 
C50,45 257617 0.00 
C50,46 245597 0.00 
C50,47 241859 0.00 
C50,48 271105 0.00 
C50,49 234491 0.00 
C50,50 239079 0.00 
0.00 
