100 100
C88,1 246057 0.00 
C88,2 220549 0.00 
C88,3 238033 0.00 
C88,4 227761 0.00 
C88,5 241439 0.00 
C88,6 222938 0.00 
C88,7 228811 0.00 
C88,8 213777 0.00 
C88,9 249650 0.00 
C88,10 251096 0.00 
C88,11 227747 0.00 
C88,12 214921 0.00 
C88,13 224486 0.00 
C88,14 254472 0.00 
C88,15 200708 0.00 
C88,16 226996 0.00 
C88,17 226476 0.00 
C88,18 232222 0.00 
C88,19 238375 0.00 
C88,20 221122 0.00 
C88,21 228567 0.00 
C88,22 238055 0.00 
C88,23 240400 0.00 
C88,24 187436 0.00 
C88,25 192098 0.00 
C88,26 205322 0.00 
C88,27 230499 0.00 
C88,28 230905 0.00 
C88,29 227381 0.00 
C88,30 246486 0.00 
C88,31 241113 0.00 
C88,32 205781 0.00 
C88,33 238502 0.00 
C88,34 253230 0.00 
C88,35 233663 0.00 
C88,36 225398 0.00 
C88,37 233363 0.00 
C88,38 212008 0.00 
C88,39 216573 0.00 
C88,40 225057 0.00 
C88,41 247707 0.00 
C88,42 248446 0.00 
C88,43 210518 0.00 
C88,44 218959 0.00 
C88,45 235985 0.00 
C88,46 242294 0.00 
C88,47 220157 0.00 
C88,48 237733 0.00 
C88,49 226889 0.00 
C88,50 222019 0.00 
C88,51 217565 0.00 
C88,52 205233 0.00 
C88,53 229266 0.00 
C88,54 224966 0.00 
C88,55 209672 0.00 
C88,56 239393 0.00 
C88,57 225564 0.00 
C88,58 226198 0.00 
C88,59 244964 0.00 
C88,60 211230 0.00 
C88,61 204599 0.00 
C88,62 246358 0.00 
C88,63 221523 0.00 
C88,64 214146 0.00 
C88,65 210155 0.00 
C88,66 240851 0.00 
C88,67 196753 0.00 
C88,68 225517 0.00 
C88,69 219581 0.00 
C88,70 231229 0.00 
C88,71 221528 0.00 
C88,72 216719 0.00 
C88,73 220259 0.00 
C88,74 252719 0.00 
C88,75 263783 0.00 
C88,76 226564 0.00 
C88,77 221066 0.00 
C88,78 231879 0.00 
C88,79 239458 0.00 
C88,80 210527 0.00 
C88,81 223178 0.00 
C88,82 247759 0.00 
C88,83 221218 0.00 
C88,84 216594 0.00 
C88,85 236928 0.00 
C88,86 220352 0.00 
C88,87 222509 0.00 
C88,88 229866 0.00 
C88,89 234241 0.00 
C88,90 223670 0.00 
C88,91 245158 0.00 
C88,92 213729 0.00 
C88,93 230263 0.00 
C88,94 224018 0.00 
C88,95 247676 0.00 
C88,96 222681 0.00 
C88,97 196400 0.00 
C88,98 247137 0.00 
C88,99 193946 0.00 
C88,100 220361 0.00 
C89,1 234760 0.00 
C89,2 225749 0.00 
C89,3 245678 0.00 
C89,4 234276 0.00 
C89,5 236929 0.00 
C89,6 225899 0.00 
C89,7 237781 0.00 
C89,8 212276 0.00 
C89,9 223088 0.00 
C89,10 223112 0.00 
C89,11 234944 0.00 
C89,12 217432 0.00 
C89,13 239669 0.00 
C89,14 232773 0.00 
C89,15 218568 0.00 
C89,16 227904 0.00 
C89,17 231237 0.00 
C89,18 241265 0.00 
C89,19 223026 0.00 
C89,20 229243 0.00 
C89,21 212250 0.00 
C89,22 237583 0.00 
C89,23 230116 0.00 
C89,24 210098 0.00 
C89,25 216866 0.00 
C89,26 198263 0.00 
C89,27 245511 0.00 
C89,28 252029 0.00 
C89,29 241520 0.00 
C89,30 228809 0.00 
C89,31 215312 0.00 
C89,32 211380 0.00 
C89,33 250133 0.00 
C89,34 238531 0.00 
C89,35 236261 0.00 
C89,36 200364 0.00 
C89,37 234425 0.00 
C89,38 230294 0.00 
C89,39 210133 0.00 
C89,40 241499 0.00 
C89,41 240688 0.00 
C89,42 229912 0.00 
C89,43 220236 0.00 
C89,44 202471 0.00 
C89,45 243986 0.00 
C89,46 235901 0.00 
C89,47 225299 0.00 
C89,48 245997 0.00 
C89,49 222384 0.00 
C89,50 232261 0.00 
C89,51 225332 0.00 
C89,52 201442 0.00 
C89,53 214797 0.00 
C89,54 232135 0.00 
C89,55 211670 0.00 
C89,56 218235 0.00 
C89,57 242239 0.00 
C89,58 223558 0.00 
C89,59 249074 0.00 
C89,60 208982 0.00 
C89,61 194623 0.00 
C89,62 235164 0.00 
C89,63 240968 0.00 
C89,64 212410 0.00 
C89,65 203375 0.00 
C89,66 238520 0.00 
C89,67 201535 0.00 
C89,68 224208 0.00 
C89,69 217817 0.00 
C89,70 224218 0.00 
C89,71 217005 0.00 
C89,72 228452 0.00 
C89,73 215754 0.00 
C89,74 254505 0.00 
C89,75 260543 0.00 
C89,76 221522 0.00 
C89,77 212514 0.00 
C89,78 222122 0.00 
C89,79 242181 0.00 
C89,80 214297 0.00 
C89,81 223652 0.00 
C89,82 257733 0.00 
C89,83 212025 0.00 
C89,84 213913 0.00 
C89,85 220081 0.00 
C89,86 213507 0.00 
C89,87 214234 0.00 
C89,88 236351 0.00 
C89,89 216288 0.00 
C89,90 240492 0.00 
C89,91 238870 0.00 
C89,92 216826 0.00 
C89,93 229024 0.00 
C89,94 235253 0.00 
C89,95 229615 0.00 
C89,96 216855 0.00 
C89,97 195885 0.00 
C89,98 237515 0.00 
C89,99 209318 0.00 
C89,100 216729 0.00 
C90,1 259948 0.00 
C90,2 224183 0.00 
C90,3 241584 0.00 
C90,4 254318 0.00 
C90,5 250075 0.00 
C90,6 243720 0.00 
C90,7 228898 0.00 
C90,8 222692 0.00 
C90,9 249274 0.00 
C90,10 246450 0.00 
C90,11 246280 0.00 
C90,12 224595 0.00 
C90,13 238163 0.00 
C90,14 248291 0.00 
C90,15 228238 0.00 
C90,16 228545 0.00 
C90,17 241316 0.00 
C90,18 233662 0.00 
C90,19 247172 0.00 
C90,20 228791 0.00 
C90,21 230211 0.00 
C90,22 243749 0.00 
C90,23 229744 0.00 
C90,24 228359 0.00 
C90,25 222061 0.00 
C90,26 221987 0.00 
C90,27 241799 0.00 
C90,28 259949 0.00 
C90,29 241755 0.00 
C90,30 236548 0.00 
C90,31 247375 0.00 
C90,32 224932 0.00 
C90,33 262559 0.00 
C90,34 260858 0.00 
C90,35 240635 0.00 
C90,36 228915 0.00 
C90,37 246161 0.00 
C90,38 241122 0.00 
C90,39 223189 0.00 
C90,40 236623 0.00 
C90,41 254730 0.00 
C90,42 233472 0.00 
C90,43 210201 0.00 
C90,44 224128 0.00 
C90,45 252566 0.00 
C90,46 243140 0.00 
C90,47 225151 0.00 
C90,48 255227 0.00 
C90,49 223531 0.00 
C90,50 255283 0.00 
C90,51 250491 0.00 
C90,52 216043 0.00 
C90,53 225812 0.00 
C90,54 240996 0.00 
C90,55 212343 0.00 
C90,56 252334 0.00 
C90,57 228270 0.00 
C90,58 235306 0.00 
C90,59 265756 0.00 
C90,60 241477 0.00 
C90,61 211875 0.00 
C90,62 238336 0.00 
C90,63 232725 0.00 
C90,64 225457 0.00 
C90,65 221200 0.00 
C90,66 261129 0.00 
C90,67 214323 0.00 
C90,68 239820 0.00 
C90,69 219864 0.00 
C90,70 248302 0.00 
C90,71 231708 0.00 
C90,72 239315 0.00 
C90,73 220530 0.00 
C90,74 256770 0.00 
C90,75 269039 0.00 
C90,76 240811 0.00 
C90,77 224241 0.00 
C90,78 238696 0.00 
C90,79 257698 0.00 
C90,80 233044 0.00 
C90,81 245694 0.00 
C90,82 258493 0.00 
C90,83 222331 0.00 
C90,84 221334 0.00 
C90,85 244144 0.00 
C90,86 228057 0.00 
C90,87 236327 0.00 
C90,88 257263 0.00 
C90,89 244250 0.00 
C90,90 243833 0.00 
C90,91 259364 0.00 
C90,92 217577 0.00 
C90,93 244065 0.00 
C90,94 239508 0.00 
C90,95 257172 0.00 
C90,96 226070 0.00 
C90,97 197896 0.00 
C90,98 256953 0.00 
C90,99 219372 0.00 
C90,100 220490 0.00 
C91,1 280275 0.00 
C91,2 246053 0.00 
C91,3 268153 0.00 
C91,4 280798 0.00 
C91,5 260496 0.00 
C91,6 256389 0.00 
C91,7 267282 0.00 
C91,8 233188 0.00 
C91,9 260455 0.00 
C91,10 289558 0.00 
C91,11 283293 0.00 
C91,12 251415 0.00 
C91,13 259285 0.00 
C91,14 288096 0.00 
C91,15 256930 0.00 
C91,16 274786 0.00 
C91,17 255906 0.00 
C91,18 268059 0.00 
C91,19 254795 0.00 
C91,20 252608 0.00 
C91,21 242052 0.00 
C91,22 272160 0.00 
C91,23 263587 0.00 
C91,24 232211 0.00 
C91,25 223921 0.00 
C91,26 230053 0.00 
C91,27 276391 0.00 
C91,28 270086 0.00 
C91,29 282749 0.00 
C91,30 266635 0.00 
C91,31 265566 0.00 
C91,32 239946 0.00 
C91,33 278832 0.00 
C91,34 291345 0.00 
C91,35 264005 0.00 
C91,36 252371 0.00 
C91,37 267179 0.00 
C91,38 254873 0.00 
C91,39 253319 0.00 
C91,40 260869 0.00 
C91,41 275621 0.00 
C91,42 261634 0.00 
C91,43 238758 0.00 
C91,44 238590 0.00 
C91,45 283350 0.00 
C91,46 263039 0.00 
C91,47 264412 0.00 
C91,48 283244 0.00 
C91,49 240332 0.00 
C91,50 248280 0.00 
C91,51 262244 0.00 
C91,52 235658 0.00 
C91,53 253647 0.00 
C91,54 269458 0.00 
C91,55 227186 0.00 
C91,56 262086 0.00 
C91,57 256394 0.00 
C91,58 269831 0.00 
C91,59 288995 0.00 
C91,60 233595 0.00 
C91,61 217695 0.00 
C91,62 270881 0.00 
C91,63 285965 0.00 
C91,64 243034 0.00 
C91,65 251384 0.00 
C91,66 273919 0.00 
C91,67 249394 0.00 
C91,68 254564 0.00 
C91,69 252197 0.00 
C91,70 242171 0.00 
C91,71 257675 0.00 
C91,72 245307 0.00 
C91,73 234173 0.00 
C91,74 280495 0.00 
C91,75 287068 0.00 
C91,76 273039 0.00 
C91,77 244366 0.00 
C91,78 250262 0.00 
C91,79 288538 0.00 
C91,80 253018 0.00 
C91,81 248254 0.00 
C91,82 295035 0.00 
C91,83 239550 0.00 
C91,84 233394 0.00 
C91,85 248415 0.00 
C91,86 237803 0.00 
C91,87 257546 0.00 
C91,88 263218 0.00 
C91,89 258742 0.00 
C91,90 270897 0.00 
C91,91 265066 0.00 
C91,92 253836 0.00 
C91,93 267351 0.00 
C91,94 266393 0.00 
C91,95 251825 0.00 
C91,96 252259 0.00 
C91,97 211047 0.00 
C91,98 266634 0.00 
C91,99 228855 0.00 
C91,100 247446 0.00 
C92,1 259177 0.00 
C92,2 226074 0.00 
C92,3 244831 0.00 
C92,4 230019 0.00 
C92,5 240922 0.00 
C92,6 228950 0.00 
C92,7 219436 0.00 
C92,8 199672 0.00 
C92,9 225131 0.00 
C92,10 250671 0.00 
C92,11 243880 0.00 
C92,12 231904 0.00 
C92,13 233030 0.00 
C92,14 241533 0.00 
C92,15 218147 0.00 
C92,16 229780 0.00 
C92,17 225567 0.00 
C92,18 248784 0.00 
C92,19 224986 0.00 
C92,20 216830 0.00 
C92,21 221608 0.00 
C92,22 238261 0.00 
C92,23 211934 0.00 
C92,24 209703 0.00 
C92,25 205510 0.00 
C92,26 216519 0.00 
C92,27 249198 0.00 
C92,28 245354 0.00 
C92,29 238793 0.00 
C92,30 214259 0.00 
C92,31 232390 0.00 
C92,32 211809 0.00 
C92,33 250811 0.00 
C92,34 252932 0.00 
C92,35 236789 0.00 
C92,36 212100 0.00 
C92,37 239228 0.00 
C92,38 227035 0.00 
C92,39 219103 0.00 
C92,40 230797 0.00 
C92,41 226900 0.00 
C92,42 233057 0.00 
C92,43 222839 0.00 
C92,44 219019 0.00 
C92,45 250872 0.00 
C92,46 233745 0.00 
C92,47 220636 0.00 
C92,48 241778 0.00 
C92,49 220990 0.00 
C92,50 208348 0.00 
C92,51 218788 0.00 
C92,52 223564 0.00 
C92,53 233757 0.00 
C92,54 226577 0.00 
C92,55 201808 0.00 
C92,56 245042 0.00 
C92,57 221795 0.00 
C92,58 223954 0.00 
C92,59 243593 0.00 
C92,60 223673 0.00 
C92,61 191248 0.00 
C92,62 243874 0.00 
C92,63 216410 0.00 
C92,64 211879 0.00 
C92,65 196700 0.00 
C92,66 223024 0.00 
C92,67 211556 0.00 
C92,68 225179 0.00 
C92,69 223358 0.00 
C92,70 236222 0.00 
C92,71 215380 0.00 
C92,72 213993 0.00 
C92,73 214445 0.00 
C92,74 256398 0.00 
C92,75 251560 0.00 
C92,76 244912 0.00 
C92,77 227695 0.00 
C92,78 228740 0.00 
C92,79 234692 0.00 
C92,80 213293 0.00 
C92,81 201324 0.00 
C92,82 239243 0.00 
C92,83 215169 0.00 
C92,84 200413 0.00 
C92,85 221891 0.00 
C92,86 202789 0.00 
C92,87 225918 0.00 
C92,88 240920 0.00 
C92,89 216225 0.00 
C92,90 224944 0.00 
C92,91 234150 0.00 
C92,92 199038 0.00 
C92,93 227263 0.00 
C92,94 230301 0.00 
C92,95 227508 0.00 
C92,96 199244 0.00 
C92,97 208437 0.00 
C92,98 249468 0.00 
C92,99 196413 0.00 
C92,100 222343 0.00 
C93,1 289523 0.00 
C93,2 253043 0.00 
C93,3 281940 0.00 
C93,4 267291 0.00 
C93,5 259500 0.00 
C93,6 271366 0.00 
C93,7 262858 0.00 
C93,8 227618 0.00 
C93,9 269803 0.00 
C93,10 283171 0.00 
C93,11 282893 0.00 
C93,12 259926 0.00 
C93,13 244530 0.00 
C93,14 268418 0.00 
C93,15 238772 0.00 
C93,16 251187 0.00 
C93,17 259740 0.00 
C93,18 262213 0.00 
C93,19 262055 0.00 
C93,20 239125 0.00 
C93,21 235482 0.00 
C93,22 252655 0.00 
C93,23 255415 0.00 
C93,24 230199 0.00 
C93,25 211083 0.00 
C93,26 246439 0.00 
C93,27 251344 0.00 
C93,28 268498 0.00 
C93,29 264299 0.00 
C93,30 265071 0.00 
C93,31 262432 0.00 
C93,32 228794 0.00 
C93,33 270592 0.00 
C93,34 276495 0.00 
C93,35 262102 0.00 
C93,36 226502 0.00 
C93,37 281703 0.00 
C93,38 258718 0.00 
C93,39 250362 0.00 
C93,40 259673 0.00 
C93,41 269343 0.00 
C93,42 279956 0.00 
C93,43 242357 0.00 
C93,44 241279 0.00 
C93,45 270771 0.00 
C93,46 258254 0.00 
C93,47 258595 0.00 
C93,48 269269 0.00 
C93,49 248438 0.00 
C93,50 247493 0.00 
C93,51 265847 0.00 
C93,52 245603 0.00 
C93,53 262089 0.00 
C93,54 256715 0.00 
C93,55 228191 0.00 
C93,56 270862 0.00 
C93,57 248355 0.00 
C93,58 257594 0.00 
C93,59 273355 0.00 
C93,60 247055 0.00 
C93,61 220443 0.00 
C93,62 265826 0.00 
C93,63 252358 0.00 
C93,64 241925 0.00 
C93,65 241026 0.00 
C93,66 273473 0.00 
C93,67 237959 0.00 
C93,68 249861 0.00 
C93,69 251560 0.00 
C93,70 262114 0.00 
C93,71 256175 0.00 
C93,72 242548 0.00 
C93,73 257691 0.00 
C93,74 277619 0.00 
C93,75 303289 0.00 
C93,76 258253 0.00 
C93,77 250709 0.00 
C93,78 263910 0.00 
C93,79 272268 0.00 
C93,80 243684 0.00 
C93,81 232786 0.00 
C93,82 276838 0.00 
C93,83 246643 0.00 
C93,84 235032 0.00 
C93,85 255352 0.00 
C93,86 245347 0.00 
C93,87 243706 0.00 
C93,88 265350 0.00 
C93,89 258782 0.00 
C93,90 256053 0.00 
C93,91 277426 0.00 
C93,92 245549 0.00 
C93,93 252109 0.00 
C93,94 267547 0.00 
C93,95 276641 0.00 
C93,96 246741 0.00 
C93,97 212632 0.00 
C93,98 282023 0.00 
C93,99 222324 0.00 
C93,100 243946 0.00 
C94,1 312061 0.00 
C94,2 246761 0.00 
C94,3 268869 0.00 
C94,4 280727 0.00 
C94,5 277311 0.00 
C94,6 283423 0.00 
C94,7 282815 0.00 
C94,8 253295 0.00 
C94,9 285484 0.00 
C94,10 304708 0.00 
C94,11 292827 0.00 
C94,12 266631 0.00 
C94,13 267841 0.00 
C94,14 289750 0.00 
C94,15 242950 0.00 
C94,16 278739 0.00 
C94,17 275239 0.00 
C94,18 278699 0.00 
C94,19 274898 0.00 
C94,20 263388 0.00 
C94,21 253348 0.00 
C94,22 269174 0.00 
C94,23 271912 0.00 
C94,24 230624 0.00 
C94,25 236752 0.00 
C94,26 238653 0.00 
C94,27 286177 0.00 
C94,28 276067 0.00 
C94,29 268237 0.00 
C94,30 280569 0.00 
C94,31 280907 0.00 
C94,32 251968 0.00 
C94,33 302404 0.00 
C94,34 296314 0.00 
C94,35 286124 0.00 
C94,36 252821 0.00 
C94,37 313435 0.00 
C94,38 280638 0.00 
C94,39 263096 0.00 
C94,40 287878 0.00 
C94,41 295155 0.00 
C94,42 282364 0.00 
C94,43 251744 0.00 
C94,44 266228 0.00 
C94,45 293181 0.00 
C94,46 288194 0.00 
C94,47 261975 0.00 
C94,48 299650 0.00 
C94,49 255922 0.00 
C94,50 280023 0.00 
C94,51 258586 0.00 
C94,52 247129 0.00 
C94,53 279422 0.00 
C94,54 292215 0.00 
C94,55 229168 0.00 
C94,56 291023 0.00 
C94,57 273340 0.00 
C94,58 275920 0.00 
C94,59 298220 0.00 
C94,60 252621 0.00 
C94,61 246106 0.00 
C94,62 265637 0.00 
C94,63 273289 0.00 
C94,64 247131 0.00 
C94,65 261770 0.00 
C94,66 273392 0.00 
C94,67 252334 0.00 
C94,68 273142 0.00 
C94,69 260623 0.00 
C94,70 273216 0.00 
C94,71 276230 0.00 
C94,72 263894 0.00 
C94,73 255783 0.00 
C94,74 310030 0.00 
C94,75 312048 0.00 
C94,76 280465 0.00 
C94,77 259222 0.00 
C94,78 277700 0.00 
C94,79 291436 0.00 
C94,80 272713 0.00 
C94,81 276761 0.00 
C94,82 313016 0.00 
C94,83 246738 0.00 
C94,84 257731 0.00 
C94,85 271050 0.00 
C94,86 247017 0.00 
C94,87 262173 0.00 
C94,88 270732 0.00 
C94,89 293277 0.00 
C94,90 285387 0.00 
C94,91 288694 0.00 
C94,92 253624 0.00 
C94,93 276977 0.00 
C94,94 274351 0.00 
C94,95 292461 0.00 
C94,96 249800 0.00 
C94,97 237574 0.00 
C94,98 296576 0.00 
C94,99 245008 0.00 
C94,100 260051 0.00 
C95,1 259146 0.00 
C95,2 217163 0.00 
C95,3 222217 0.00 
C95,4 231687 0.00 
C95,5 231871 0.00 
C95,6 232277 0.00 
C95,7 212799 0.00 
C95,8 215195 0.00 
C95,9 228544 0.00 
C95,10 219081 0.00 
C95,11 227059 0.00 
C95,12 230894 0.00 
C95,13 216132 0.00 
C95,14 227689 0.00 
C95,15 215597 0.00 
C95,16 219687 0.00 
C95,17 224760 0.00 
C95,18 247376 0.00 
C95,19 215846 0.00 
C95,20 212827 0.00 
C95,21 204614 0.00 
C95,22 232631 0.00 
C95,23 216852 0.00 
C95,24 221453 0.00 
C95,25 201216 0.00 
C95,26 210241 0.00 
C95,27 243362 0.00 
C95,28 243856 0.00 
C95,29 226439 0.00 
C95,30 212970 0.00 
C95,31 231536 0.00 
C95,32 208644 0.00 
C95,33 236174 0.00 
C95,34 230640 0.00 
C95,35 227904 0.00 
C95,36 186334 0.00 
C95,37 246511 0.00 
C95,38 222092 0.00 
C95,39 212133 0.00 
C95,40 235270 0.00 
C95,41 243514 0.00 
C95,42 221910 0.00 
C95,43 212559 0.00 
C95,44 204792 0.00 
C95,45 232157 0.00 
C95,46 222207 0.00 
C95,47 220408 0.00 
C95,48 238284 0.00 
C95,49 197369 0.00 
C95,50 218696 0.00 
C95,51 215968 0.00 
C95,52 213170 0.00 
C95,53 214342 0.00 
C95,54 208346 0.00 
C95,55 204110 0.00 
C95,56 230278 0.00 
C95,57 232150 0.00 
C95,58 206150 0.00 
C95,59 238370 0.00 
C95,60 197378 0.00 
C95,61 182659 0.00 
C95,62 227980 0.00 
C95,63 231906 0.00 
C95,64 202927 0.00 
C95,65 217872 0.00 
C95,66 224287 0.00 
C95,67 210457 0.00 
C95,68 203274 0.00 
C95,69 204481 0.00 
C95,70 210399 0.00 
C95,71 212727 0.00 
C95,72 207900 0.00 
C95,73 202759 0.00 
C95,74 247441 0.00 
C95,75 249603 0.00 
C95,76 226129 0.00 
C95,77 210027 0.00 
C95,78 219058 0.00 
C95,79 211949 0.00 
C95,80 207018 0.00 
C95,81 215881 0.00 
C95,82 241033 0.00 
C95,83 207229 0.00 
C95,84 189694 0.00 
C95,85 223728 0.00 
C95,86 197263 0.00 
C95,87 191630 0.00 
C95,88 223999 0.00 
C95,89 220549 0.00 
C95,90 225224 0.00 
C95,91 228532 0.00 
C95,92 206342 0.00 
C95,93 213370 0.00 
C95,94 225289 0.00 
C95,95 235761 0.00 
C95,96 208619 0.00 
C95,97 178310 0.00 
C95,98 232707 0.00 
C95,99 203767 0.00 
C95,100 206689 0.00 
C96,1 273547 0.00 
C96,2 233645 0.00 
C96,3 249932 0.00 
C96,4 263041 0.00 
C96,5 257597 0.00 
C96,6 250684 0.00 
C96,7 244153 0.00 
C96,8 221157 0.00 
C96,9 254185 0.00 
C96,10 256882 0.00 
C96,11 266299 0.00 
C96,12 240602 0.00 
C96,13 245981 0.00 
C96,14 271657 0.00 
C96,15 231851 0.00 
C96,16 243165 0.00 
C96,17 255731 0.00 
C96,18 233635 0.00 
C96,19 249052 0.00 
C96,20 240665 0.00 
C96,21 228495 0.00 
C96,22 248137 0.00 
C96,23 235643 0.00 
C96,24 232443 0.00 
C96,25 222132 0.00 
C96,26 239808 0.00 
C96,27 265249 0.00 
C96,28 277724 0.00 
C96,29 250783 0.00 
C96,30 253218 0.00 
C96,31 250858 0.00 
C96,32 224517 0.00 
C96,33 261626 0.00 
C96,34 259653 0.00 
C96,35 252877 0.00 
C96,36 240326 0.00 
C96,37 269117 0.00 
C96,38 245876 0.00 
C96,39 228939 0.00 
C96,40 244998 0.00 
C96,41 272014 0.00 
C96,42 252927 0.00 
C96,43 220555 0.00 
C96,44 241336 0.00 
C96,45 251422 0.00 
C96,46 250333 0.00 
C96,47 236759 0.00 
C96,48 258830 0.00 
C96,49 227976 0.00 
C96,50 252280 0.00 
C96,51 243944 0.00 
C96,52 236280 0.00 
C96,53 248055 0.00 
C96,54 269550 0.00 
C96,55 223290 0.00 
C96,56 243511 0.00 
C96,57 250383 0.00 
C96,58 225070 0.00 
C96,59 272301 0.00 
C96,60 240600 0.00 
C96,61 205011 0.00 
C96,62 256423 0.00 
C96,63 235530 0.00 
C96,64 232818 0.00 
C96,65 229433 0.00 
C96,66 254821 0.00 
C96,67 240147 0.00 
C96,68 249212 0.00 
C96,69 239201 0.00 
C96,70 248382 0.00 
C96,71 254446 0.00 
C96,72 245995 0.00 
C96,73 229686 0.00 
C96,74 292191 0.00 
C96,75 260656 0.00 
C96,76 246670 0.00 
C96,77 237835 0.00 
C96,78 243601 0.00 
C96,79 268411 0.00 
C96,80 231817 0.00 
C96,81 233861 0.00 
C96,82 266801 0.00 
C96,83 226839 0.00 
C96,84 235820 0.00 
C96,85 247629 0.00 
C96,86 229242 0.00 
C96,87 229594 0.00 
C96,88 258133 0.00 
C96,89 265106 0.00 
C96,90 270285 0.00 
C96,91 253972 0.00 
C96,92 228579 0.00 
C96,93 239078 0.00 
C96,94 266285 0.00 
C96,95 264243 0.00 
C96,96 244935 0.00 
C96,97 213245 0.00 
C96,98 271198 0.00 
C96,99 220389 0.00 
C96,100 237030 0.00 
C97,1 272669 0.00 
C97,2 248052 0.00 
C97,3 266380 0.00 
C97,4 258309 0.00 
C97,5 269450 0.00 
C97,6 272542 0.00 
C97,7 253114 0.00 
C97,8 230368 0.00 
C97,9 271259 0.00 
C97,10 258467 0.00 
C97,11 289001 0.00 
C97,12 249459 0.00 
C97,13 252435 0.00 
C97,14 272747 0.00 
C97,15 239908 0.00 
C97,16 255805 0.00 
C97,17 251407 0.00 
C97,18 257474 0.00 
C97,19 244331 0.00 
C97,20 244954 0.00 
C97,21 239696 0.00 
C97,22 257982 0.00 
C97,23 257857 0.00 
C97,24 222822 0.00 
C97,25 220145 0.00 
C97,26 228900 0.00 
C97,27 258215 0.00 
C97,28 274253 0.00 
C97,29 253027 0.00 
C97,30 253551 0.00 
C97,31 258153 0.00 
C97,32 231527 0.00 
C97,33 266604 0.00 
C97,34 257712 0.00 
C97,35 264525 0.00 
C97,36 221544 0.00 
C97,37 269087 0.00 
C97,38 258317 0.00 
C97,39 239746 0.00 
C97,40 277778 0.00 
C97,41 275552 0.00 
C97,42 248051 0.00 
C97,43 231505 0.00 
C97,44 229848 0.00 
C97,45 278102 0.00 
C97,46 248416 0.00 
C97,47 257242 0.00 
C97,48 279191 0.00 
C97,49 250664 0.00 
C97,50 254463 0.00 
C97,51 264786 0.00 
C97,52 234697 0.00 
C97,53 255094 0.00 
C97,54 258270 0.00 
C97,55 226088 0.00 
C97,56 247707 0.00 
C97,57 271079 0.00 
C97,58 234583 0.00 
C97,59 262426 0.00 
C97,60 235747 0.00 
C97,61 220488 0.00 
C97,62 258093 0.00 
C97,63 251979 0.00 
C97,64 231029 0.00 
C97,65 232861 0.00 
C97,66 261147 0.00 
C97,67 236567 0.00 
C97,68 237167 0.00 
C97,69 240461 0.00 
C97,70 252404 0.00 
C97,71 248359 0.00 
C97,72 240928 0.00 
C97,73 226638 0.00 
C97,74 282906 0.00 
C97,75 302277 0.00 
C97,76 246544 0.00 
C97,77 234344 0.00 
C97,78 254939 0.00 
C97,79 267970 0.00 
C97,80 248804 0.00 
C97,81 240879 0.00 
C97,82 280563 0.00 
C97,83 232667 0.00 
C97,84 227385 0.00 
C97,85 248964 0.00 
C97,86 235106 0.00 
C97,87 235141 0.00 
C97,88 259837 0.00 
C97,89 252116 0.00 
C97,90 259273 0.00 
C97,91 263766 0.00 
C97,92 243609 0.00 
C97,93 240453 0.00 
C97,94 262461 0.00 
C97,95 262775 0.00 
C97,96 254605 0.00 
C97,97 200938 0.00 
C97,98 252400 0.00 
C97,99 220843 0.00 
C97,100 229439 0.00 
C98,1 269869 0.00 
C98,2 247613 0.00 
C98,3 254820 0.00 
C98,4 272142 0.00 
C98,5 266039 0.00 
C98,6 246068 0.00 
C98,7 253726 0.00 
C98,8 233792 0.00 
C98,9 272357 0.00 
C98,10 277878 0.00 
C98,11 270159 0.00 
C98,12 237150 0.00 
C98,13 255187 0.00 
C98,14 278997 0.00 
C98,15 241913 0.00 
C98,16 259567 0.00 
C98,17 250705 0.00 
C98,18 254966 0.00 
C98,19 258068 0.00 
C98,20 250950 0.00 
C98,21 244474 0.00 
C98,22 262504 0.00 
C98,23 250562 0.00 
C98,24 232052 0.00 
C98,25 227108 0.00 
C98,26 225156 0.00 
C98,27 270747 0.00 
C98,28 262806 0.00 
C98,29 252516 0.00 
C98,30 259300 0.00 
C98,31 271922 0.00 
C98,32 227493 0.00 
C98,33 277444 0.00 
C98,34 278415 0.00 
C98,35 266953 0.00 
C98,36 252088 0.00 
C98,37 259971 0.00 
C98,38 255231 0.00 
C98,39 239612 0.00 
C98,40 255353 0.00 
C98,41 288316 0.00 
C98,42 249686 0.00 
C98,43 233126 0.00 
C98,44 253873 0.00 
C98,45 280391 0.00 
C98,46 269698 0.00 
C98,47 252200 0.00 
C98,48 286668 0.00 
C98,49 238407 0.00 
C98,50 255714 0.00 
C98,51 264950 0.00 
C98,52 233711 0.00 
C98,53 262550 0.00 
C98,54 264820 0.00 
C98,55 236383 0.00 
C98,56 270522 0.00 
C98,57 267003 0.00 
C98,58 256882 0.00 
C98,59 268237 0.00 
C98,60 246476 0.00 
C98,61 218765 0.00 
C98,62 257622 0.00 
C98,63 262174 0.00 
C98,64 229444 0.00 
C98,65 243075 0.00 
C98,66 265411 0.00 
C98,67 247972 0.00 
C98,68 261867 0.00 
C98,69 261723 0.00 
C98,70 260003 0.00 
C98,71 251758 0.00 
C98,72 230858 0.00 
C98,73 243235 0.00 
C98,74 295639 0.00 
C98,75 287186 0.00 
C98,76 267840 0.00 
C98,77 243327 0.00 
C98,78 256911 0.00 
C98,79 272723 0.00 
C98,80 252649 0.00 
C98,81 240241 0.00 
C98,82 280467 0.00 
C98,83 247268 0.00 
C98,84 251345 0.00 
C98,85 261855 0.00 
C98,86 230635 0.00 
C98,87 238777 0.00 
C98,88 251125 0.00 
C98,89 252972 0.00 
C98,90 266353 0.00 
C98,91 260155 0.00 
C98,92 239639 0.00 
C98,93 239683 0.00 
C98,94 272382 0.00 
C98,95 278600 0.00 
C98,96 244947 0.00 
C98,97 232573 0.00 
C98,98 281635 0.00 
C98,99 224340 0.00 
C98,100 247317 0.00 
C99,1 287911 0.00 
C99,2 233858 0.00 
C99,3 277358 0.00 
C99,4 272378 0.00 
C99,5 265751 0.00 
C99,6 264889 0.00 
C99,7 274927 0.00 
C99,8 239066 0.00 
C99,9 280891 0.00 
C99,10 275783 0.00 
C99,11 279130 0.00 
C99,12 247299 0.00 
C99,13 251337 0.00 
C99,14 276507 0.00 
C99,15 240016 0.00 
C99,16 262342 0.00 
C99,17 265572 0.00 
C99,18 248095 0.00 
C99,19 266833 0.00 
C99,20 244030 0.00 
C99,21 248695 0.00 
C99,22 247374 0.00 
C99,23 263733 0.00 
C99,24 217389 0.00 
C99,25 229136 0.00 
C99,26 232908 0.00 
C99,27 278920 0.00 
C99,28 267635 0.00 
C99,29 248736 0.00 
C99,30 267073 0.00 
C99,31 284493 0.00 
C99,32 233463 0.00 
C99,33 300055 0.00 
C99,34 288328 0.00 
C99,35 269654 0.00 
C99,36 260735 0.00 
C99,37 282744 0.00 
C99,38 264565 0.00 
C99,39 234456 0.00 
C99,40 246366 0.00 
C99,41 285373 0.00 
C99,42 262173 0.00 
C99,43 237796 0.00 
C99,44 249379 0.00 
C99,45 265418 0.00 
C99,46 254865 0.00 
C99,47 248980 0.00 
C99,48 276783 0.00 
C99,49 250027 0.00 
C99,50 262378 0.00 
C99,51 259800 0.00 
C99,52 242859 0.00 
C99,53 271556 0.00 
C99,54 267954 0.00 
C99,55 228499 0.00 
C99,56 285306 0.00 
C99,57 257709 0.00 
C99,58 245169 0.00 
C99,59 268927 0.00 
C99,60 250355 0.00 
C99,61 229352 0.00 
C99,62 259589 0.00 
C99,63 265004 0.00 
C99,64 227814 0.00 
C99,65 245352 0.00 
C99,66 259323 0.00 
C99,67 255925 0.00 
C99,68 247504 0.00 
C99,69 252414 0.00 
C99,70 266782 0.00 
C99,71 246075 0.00 
C99,72 244523 0.00 
C99,73 248208 0.00 
C99,74 282879 0.00 
C99,75 299494 0.00 
C99,76 254393 0.00 
C99,77 245133 0.00 
C99,78 265609 0.00 
C99,79 272116 0.00 
C99,80 248404 0.00 
C99,81 260016 0.00 
C99,82 281754 0.00 
C99,83 247317 0.00 
C99,84 246649 0.00 
C99,85 256188 0.00 
C99,86 250968 0.00 
C99,87 244557 0.00 
C99,88 252228 0.00 
C99,89 262099 0.00 
C99,90 256136 0.00 
C99,91 267893 0.00 
C99,92 245802 0.00 
C99,93 255640 0.00 
C99,94 260611 0.00 
C99,95 277411 0.00 
C99,96 246200 0.00 
C99,97 217102 0.00 
C99,98 280612 0.00 
C99,99 232400 0.00 
C99,100 248439 0.00 
C100,1 280284 0.00 
C100,2 236866 0.00 
C100,3 272771 0.00 
C100,4 263838 0.00 
C100,5 249560 0.00 
C100,6 261452 0.00 
C100,7 244315 0.00 
C100,8 234802 0.00 
C100,9 268614 0.00 
C100,10 272866 0.00 
C100,11 297706 0.00 
C100,12 247205 0.00 
C100,13 251892 0.00 
C100,14 279005 0.00 
C100,15 240998 0.00 
C100,16 243812 0.00 
C100,17 253625 0.00 
C100,18 245517 0.00 
C100,19 250317 0.00 
C100,20 224246 0.00 
C100,21 239972 0.00 
C100,22 245120 0.00 
C100,23 248555 0.00 
C100,24 231138 0.00 
C100,25 233147 0.00 
C100,26 243479 0.00 
C100,27 255927 0.00 
C100,28 282525 0.00 
C100,29 253708 0.00 
C100,30 261913 0.00 
C100,31 253372 0.00 
C100,32 226031 0.00 
C100,33 278781 0.00 
C100,34 280834 0.00 
C100,35 252896 0.00 
C100,36 245904 0.00 
C100,37 264783 0.00 
C100,38 257937 0.00 
C100,39 234792 0.00 
C100,40 253666 0.00 
C100,41 260136 0.00 
C100,42 264719 0.00 
C100,43 231875 0.00 
C100,44 239981 0.00 
C100,45 267472 0.00 
C100,46 257090 0.00 
C100,47 247072 0.00 
C100,48 263041 0.00 
C100,49 230436 0.00 
C100,50 264034 0.00 
0.00 
