100 100
C13,1 258881 0.00 
C13,2 239845 0.00 
C13,3 255816 0.00 
C13,4 249155 0.00 
C13,5 258848 0.00 
C13,6 269948 0.00 
C13,7 239821 0.00 
C13,8 217393 0.00 
C13,9 252822 0.00 
C13,10 262554 0.00 
C13,11 257412 0.00 
C13,12 254719 0.00 
C13,13 247922 0.00 
C13,14 265421 0.00 
C13,15 231142 0.00 
C13,16 249648 0.00 
C13,17 256276 0.00 
C13,18 253301 0.00 
C13,19 244527 0.00 
C13,20 244866 0.00 
C13,21 232004 0.00 
C13,22 253312 0.00 
C13,23 242548 0.00 
C13,24 230622 0.00 
C13,25 214968 0.00 
C13,26 236080 0.00 
C13,27 256178 0.00 
C13,28 253940 0.00 
C13,29 252456 0.00 
C13,30 270238 0.00 
C13,31 244535 0.00 
C13,32 228338 0.00 
C13,33 261651 0.00 
C13,34 270970 0.00 
C13,35 254543 0.00 
C13,36 208949 0.00 
C13,37 264266 0.00 
C13,38 253275 0.00 
C13,39 260612 0.00 
C13,40 265889 0.00 
C13,41 279098 0.00 
C13,42 251409 0.00 
C13,43 239209 0.00 
C13,44 231738 0.00 
C13,45 260254 0.00 
C13,46 261007 0.00 
C13,47 253159 0.00 
C13,48 281593 0.00 
C13,49 228319 0.00 
C13,50 253940 0.00 
C13,51 228836 0.00 
C13,52 249012 0.00 
C13,53 252854 0.00 
C13,54 261000 0.00 
C13,55 242394 0.00 
C13,56 256670 0.00 
C13,57 272890 0.00 
C13,58 243411 0.00 
C13,59 270825 0.00 
C13,60 246431 0.00 
C13,61 206266 0.00 
C13,62 261690 0.00 
C13,63 243636 0.00 
C13,64 241199 0.00 
C13,65 230631 0.00 
C13,66 260871 0.00 
C13,67 239162 0.00 
C13,68 237613 0.00 
C13,69 241069 0.00 
C13,70 251935 0.00 
C13,71 252114 0.00 
C13,72 238683 0.00 
C13,73 234285 0.00 
C13,74 272838 0.00 
C13,75 280327 0.00 
C13,76 264431 0.00 
C13,77 259517 0.00 
C13,78 241628 0.00 
C13,79 277952 0.00 
C13,80 232668 0.00 
C13,81 229446 0.00 
C13,82 278339 0.00 
C13,83 241405 0.00 
C13,84 232992 0.00 
C13,85 260964 0.00 
C13,86 213309 0.00 
C13,87 233026 0.00 
C13,88 263411 0.00 
C13,89 249636 0.00 
C13,90 254053 0.00 
C13,91 261733 0.00 
C13,92 234139 0.00 
C13,93 249031 0.00 
C13,94 260481 0.00 
C13,95 275598 0.00 
C13,96 239238 0.00 
C13,97 205126 0.00 
C13,98 282353 0.00 
C13,99 225630 0.00 
C13,100 246337 0.00 
C14,1 280195 0.00 
C14,2 235616 0.00 
C14,3 262923 0.00 
C14,4 241879 0.00 
C14,5 258012 0.00 
C14,6 246002 0.00 
C14,7 238025 0.00 
C14,8 220890 0.00 
C14,9 252858 0.00 
C14,10 268312 0.00 
C14,11 262079 0.00 
C14,12 222329 0.00 
C14,13 241910 0.00 
C14,14 267602 0.00 
C14,15 221243 0.00 
C14,16 226763 0.00 
C14,17 226532 0.00 
C14,18 231838 0.00 
C14,19 243373 0.00 
C14,20 244878 0.00 
C14,21 217439 0.00 
C14,22 231193 0.00 
C14,23 245872 0.00 
C14,24 217379 0.00 
C14,25 204512 0.00 
C14,26 216691 0.00 
C14,27 249487 0.00 
C14,28 256042 0.00 
C14,29 229843 0.00 
C14,30 246831 0.00 
C14,31 250883 0.00 
C14,32 208087 0.00 
C14,33 250480 0.00 
C14,34 248791 0.00 
C14,35 258735 0.00 
C14,36 238172 0.00 
C14,37 253558 0.00 
C14,38 240520 0.00 
C14,39 213673 0.00 
C14,40 248301 0.00 
C14,41 270254 0.00 
C14,42 251971 0.00 
C14,43 231830 0.00 
C14,44 234498 0.00 
C14,45 252462 0.00 
C14,46 235529 0.00 
C14,47 227651 0.00 
C14,48 258208 0.00 
C14,49 235250 0.00 
C14,50 241186 0.00 
C14,51 225428 0.00 
C14,52 234416 0.00 
C14,53 261066 0.00 
C14,54 263583 0.00 
C14,55 206833 0.00 
C14,56 255253 0.00 
C14,57 245289 0.00 
C14,58 233731 0.00 
C14,59 251525 0.00 
C14,60 239070 0.00 
C14,61 201102 0.00 
C14,62 240914 0.00 
C14,63 238110 0.00 
C14,64 217622 0.00 
C14,65 232912 0.00 
C14,66 239233 0.00 
C14,67 223594 0.00 
C14,68 228534 0.00 
C14,69 229209 0.00 
C14,70 243125 0.00 
C14,71 246713 0.00 
C14,72 218745 0.00 
C14,73 221210 0.00 
C14,74 275099 0.00 
C14,75 256705 0.00 
C14,76 242072 0.00 
C14,77 226636 0.00 
C14,78 258704 0.00 
C14,79 271700 0.00 
C14,80 235951 0.00 
C14,81 225225 0.00 
C14,82 269051 0.00 
C14,83 239898 0.00 
C14,84 235478 0.00 
C14,85 246497 0.00 
C14,86 224574 0.00 
C14,87 237396 0.00 
C14,88 233901 0.00 
C14,89 250380 0.00 
C14,90 253805 0.00 
C14,91 234334 0.00 
C14,92 210864 0.00 
C14,93 243262 0.00 
C14,94 256265 0.00 
C14,95 262903 0.00 
C14,96 238285 0.00 
C14,97 209886 0.00 
C14,98 264631 0.00 
C14,99 202735 0.00 
C14,100 246947 0.00 
C15,1 257526 0.00 
C15,2 222939 0.00 
C15,3 250118 0.00 
C15,4 235115 0.00 
C15,5 244917 0.00 
C15,6 238796 0.00 
C15,7 230065 0.00 
C15,8 203190 0.00 
C15,9 254938 0.00 
C15,10 234002 0.00 
C15,11 231612 0.00 
C15,12 219256 0.00 
C15,13 234156 0.00 
C15,14 257095 0.00 
C15,15 209285 0.00 
C15,16 219640 0.00 
C15,17 228536 0.00 
C15,18 224617 0.00 
C15,19 238434 0.00 
C15,20 234044 0.00 
C15,21 209699 0.00 
C15,22 232708 0.00 
C15,23 228716 0.00 
C15,24 203657 0.00 
C15,25 204599 0.00 
C15,26 220973 0.00 
C15,27 227719 0.00 
C15,28 243337 0.00 
C15,29 219729 0.00 
C15,30 253067 0.00 
C15,31 238039 0.00 
C15,32 206289 0.00 
C15,33 234478 0.00 
C15,34 246228 0.00 
C15,35 242139 0.00 
C15,36 213688 0.00 
C15,37 245819 0.00 
C15,38 231836 0.00 
C15,39 227091 0.00 
C15,40 250760 0.00 
C15,41 255346 0.00 
C15,42 249605 0.00 
C15,43 219911 0.00 
C15,44 221608 0.00 
C15,45 242337 0.00 
C15,46 233816 0.00 
C15,47 221522 0.00 
C15,48 242263 0.00 
C15,49 215790 0.00 
C15,50 239051 0.00 
C15,51 217326 0.00 
C15,52 219267 0.00 
C15,53 244067 0.00 
C15,54 246050 0.00 
C15,55 209843 0.00 
C15,56 233800 0.00 
C15,57 245926 0.00 
C15,58 213179 0.00 
C15,59 246860 0.00 
C15,60 224744 0.00 
C15,61 221976 0.00 
C15,62 238644 0.00 
C15,63 218634 0.00 
C15,64 231747 0.00 
C15,65 212815 0.00 
C15,66 238152 0.00 
C15,67 215578 0.00 
C15,68 220758 0.00 
C15,69 226872 0.00 
C15,70 230626 0.00 
C15,71 236775 0.00 
C15,72 219637 0.00 
C15,73 216460 0.00 
C15,74 255480 0.00 
C15,75 248352 0.00 
C15,76 227253 0.00 
C15,77 222385 0.00 
C15,78 245202 0.00 
C15,79 253764 0.00 
C15,80 216507 0.00 
C15,81 216159 0.00 
C15,82 265838 0.00 
C15,83 217110 0.00 
C15,84 228324 0.00 
C15,85 224547 0.00 
C15,86 218140 0.00 
C15,87 221087 0.00 
C15,88 239027 0.00 
C15,89 239271 0.00 
C15,90 242439 0.00 
C15,91 242766 0.00 
C15,92 203434 0.00 
C15,93 221131 0.00 
C15,94 229515 0.00 
C15,95 257630 0.00 
C15,96 226444 0.00 
C15,97 191149 0.00 
C15,98 240504 0.00 
C15,99 196554 0.00 
C15,100 219115 0.00 
C16,1 286275 0.00 
C16,2 227817 0.00 
C16,3 267460 0.00 
C16,4 249593 0.00 
C16,5 265615 0.00 
C16,6 263864 0.00 
C16,7 239244 0.00 
C16,8 215776 0.00 
C16,9 251167 0.00 
C16,10 265710 0.00 
C16,11 271635 0.00 
C16,12 231180 0.00 
C16,13 242688 0.00 
C16,14 255033 0.00 
C16,15 232606 0.00 
C16,16 243787 0.00 
C16,17 257852 0.00 
C16,18 255296 0.00 
C16,19 239783 0.00 
C16,20 230239 0.00 
C16,21 233462 0.00 
C16,22 241082 0.00 
C16,23 242068 0.00 
C16,24 204496 0.00 
C16,25 218420 0.00 
C16,26 218854 0.00 
C16,27 253012 0.00 
C16,28 255857 0.00 
C16,29 218976 0.00 
C16,30 246374 0.00 
C16,31 263292 0.00 
C16,32 213441 0.00 
C16,33 256622 0.00 
C16,34 252459 0.00 
C16,35 243773 0.00 
C16,36 230807 0.00 
C16,37 256296 0.00 
C16,38 246052 0.00 
C16,39 221112 0.00 
C16,40 239678 0.00 
C16,41 264491 0.00 
C16,42 247990 0.00 
C16,43 241831 0.00 
C16,44 238497 0.00 
C16,45 264103 0.00 
C16,46 248426 0.00 
C16,47 247607 0.00 
C16,48 265048 0.00 
C16,49 240668 0.00 
C16,50 244748 0.00 
C16,51 232955 0.00 
C16,52 233981 0.00 
C16,53 249047 0.00 
C16,54 269872 0.00 
C16,55 215464 0.00 
C16,56 261851 0.00 
C16,57 230502 0.00 
C16,58 218046 0.00 
C16,59 253843 0.00 
C16,60 254870 0.00 
C16,61 219792 0.00 
C16,62 254979 0.00 
C16,63 246117 0.00 
C16,64 234932 0.00 
C16,65 220171 0.00 
C16,66 259575 0.00 
C16,67 216957 0.00 
C16,68 232720 0.00 
C16,69 230768 0.00 
C16,70 244335 0.00 
C16,71 248724 0.00 
C16,72 227012 0.00 
C16,73 225510 0.00 
C16,74 255727 0.00 
C16,75 272912 0.00 
C16,76 244875 0.00 
C16,77 221956 0.00 
C16,78 256512 0.00 
C16,79 261953 0.00 
C16,80 230156 0.00 
C16,81 225884 0.00 
C16,82 262828 0.00 
C16,83 225903 0.00 
C16,84 221423 0.00 
C16,85 234975 0.00 
C16,86 233183 0.00 
C16,87 237333 0.00 
C16,88 242058 0.00 
C16,89 252994 0.00 
C16,90 248770 0.00 
C16,91 260815 0.00 
C16,92 216836 0.00 
C16,93 231405 0.00 
C16,94 244925 0.00 
C16,95 256023 0.00 
C16,96 226452 0.00 
C16,97 217828 0.00 
C16,98 261827 0.00 
C16,99 213044 0.00 
C16,100 226910 0.00 
C17,1 271797 0.00 
C17,2 242632 0.00 
C17,3 261926 0.00 
C17,4 252039 0.00 
C17,5 266612 0.00 
C17,6 248356 0.00 
C17,7 245159 0.00 
C17,8 229871 0.00 
C17,9 258076 0.00 
C17,10 279060 0.00 
C17,11 259239 0.00 
C17,12 230751 0.00 
C17,13 256232 0.00 
C17,14 281468 0.00 
C17,15 215938 0.00 
C17,16 238091 0.00 
C17,17 247442 0.00 
C17,18 245977 0.00 
C17,19 262476 0.00 
C17,20 234129 0.00 
C17,21 234926 0.00 
C17,22 248930 0.00 
C17,23 235849 0.00 
C17,24 205840 0.00 
C17,25 220551 0.00 
C17,26 222307 0.00 
C17,27 258449 0.00 
C17,28 229118 0.00 
C17,29 248774 0.00 
C17,30 250708 0.00 
C17,31 254372 0.00 
C17,32 218107 0.00 
C17,33 265039 0.00 
C17,34 258569 0.00 
C17,35 266960 0.00 
C17,36 232748 0.00 
C17,37 279760 0.00 
C17,38 251605 0.00 
C17,39 231569 0.00 
C17,40 265247 0.00 
C17,41 273059 0.00 
C17,42 260360 0.00 
C17,43 227755 0.00 
C17,44 232904 0.00 
C17,45 269117 0.00 
C17,46 240718 0.00 
C17,47 236186 0.00 
C17,48 267999 0.00 
C17,49 238138 0.00 
C17,50 229448 0.00 
C17,51 248514 0.00 
C17,52 234362 0.00 
C17,53 263087 0.00 
C17,54 269713 0.00 
C17,55 216708 0.00 
C17,56 250787 0.00 
C17,57 240176 0.00 
C17,58 222085 0.00 
C17,59 266894 0.00 
C17,60 246823 0.00 
C17,61 223414 0.00 
C17,62 260165 0.00 
C17,63 235955 0.00 
C17,64 249297 0.00 
C17,65 231542 0.00 
C17,66 253894 0.00 
C17,67 240037 0.00 
C17,68 235304 0.00 
C17,69 241476 0.00 
C17,70 254486 0.00 
C17,71 242556 0.00 
C17,72 223524 0.00 
C17,73 225665 0.00 
C17,74 262414 0.00 
C17,75 284862 0.00 
C17,76 239247 0.00 
C17,77 231307 0.00 
C17,78 245226 0.00 
C17,79 253342 0.00 
C17,80 239327 0.00 
C17,81 232139 0.00 
C17,82 270996 0.00 
C17,83 248453 0.00 
C17,84 236129 0.00 
C17,85 246597 0.00 
C17,86 228629 0.00 
C17,87 245678 0.00 
C17,88 250664 0.00 
C17,89 248334 0.00 
C17,90 251906 0.00 
C17,91 263057 0.00 
C17,92 226434 0.00 
C17,93 229023 0.00 
C17,94 258753 0.00 
C17,95 249085 0.00 
C17,96 239838 0.00 
C17,97 221339 0.00 
C17,98 256182 0.00 
C17,99 212123 0.00 
C17,100 229060 0.00 
C18,1 261560 0.00 
C18,2 219383 0.00 
C18,3 253791 0.00 
C18,4 239632 0.00 
C18,5 236838 0.00 
C18,6 245735 0.00 
C18,7 235466 0.00 
C18,8 225545 0.00 
C18,9 240262 0.00 
C18,10 258388 0.00 
C18,11 258285 0.00 
C18,12 219198 0.00 
C18,13 238251 0.00 
C18,14 248695 0.00 
C18,15 218605 0.00 
C18,16 220753 0.00 
C18,17 227053 0.00 
C18,18 238935 0.00 
C18,19 229616 0.00 
C18,20 209344 0.00 
C18,21 228131 0.00 
C18,22 241187 0.00 
C18,23 226064 0.00 
C18,24 216162 0.00 
C18,25 199589 0.00 
C18,26 217766 0.00 
C18,27 221175 0.00 
C18,28 246516 0.00 
C18,29 232946 0.00 
C18,30 233099 0.00 
C18,31 246287 0.00 
C18,32 215395 0.00 
C18,33 248734 0.00 
C18,34 256238 0.00 
C18,35 249839 0.00 
C18,36 211574 0.00 
C18,37 257936 0.00 
C18,38 230436 0.00 
C18,39 224021 0.00 
C18,40 226731 0.00 
C18,41 249535 0.00 
C18,42 241218 0.00 
C18,43 209233 0.00 
C18,44 228542 0.00 
C18,45 245500 0.00 
C18,46 234923 0.00 
C18,47 211299 0.00 
C18,48 242981 0.00 
C18,49 221146 0.00 
C18,50 226733 0.00 
C18,51 243889 0.00 
C18,52 222653 0.00 
C18,53 237914 0.00 
C18,54 232857 0.00 
C18,55 204992 0.00 
C18,56 245259 0.00 
C18,57 240295 0.00 
C18,58 235715 0.00 
C18,59 238181 0.00 
C18,60 229969 0.00 
C18,61 200713 0.00 
C18,62 231828 0.00 
C18,63 227660 0.00 
C18,64 215572 0.00 
C18,65 220104 0.00 
C18,66 254144 0.00 
C18,67 207208 0.00 
C18,68 232766 0.00 
C18,69 222269 0.00 
C18,70 234512 0.00 
C18,71 244870 0.00 
C18,72 226853 0.00 
C18,73 218292 0.00 
C18,74 257199 0.00 
C18,75 258180 0.00 
C18,76 238727 0.00 
C18,77 227887 0.00 
C18,78 226871 0.00 
C18,79 242618 0.00 
C18,80 218654 0.00 
C18,81 229869 0.00 
C18,82 255486 0.00 
C18,83 224947 0.00 
C18,84 227699 0.00 
C18,85 242609 0.00 
C18,86 225367 0.00 
C18,87 228746 0.00 
C18,88 241225 0.00 
C18,89 236827 0.00 
C18,90 246411 0.00 
C18,91 255804 0.00 
C18,92 213138 0.00 
C18,93 223150 0.00 
C18,94 238007 0.00 
C18,95 254038 0.00 
C18,96 215397 0.00 
C18,97 191001 0.00 
C18,98 253463 0.00 
C18,99 198973 0.00 
C18,100 220345 0.00 
C19,1 280674 0.00 
C19,2 242401 0.00 
C19,3 282043 0.00 
C19,4 261590 0.00 
C19,5 268949 0.00 
C19,6 259026 0.00 
C19,7 257682 0.00 
C19,8 235647 0.00 
C19,9 273844 0.00 
C19,10 282725 0.00 
C19,11 271018 0.00 
C19,12 245707 0.00 
C19,13 261723 0.00 
C19,14 292002 0.00 
C19,15 250070 0.00 
C19,16 255120 0.00 
C19,17 261508 0.00 
C19,18 260323 0.00 
C19,19 261597 0.00 
C19,20 239983 0.00 
C19,21 258953 0.00 
C19,22 249300 0.00 
C19,23 246461 0.00 
C19,24 229812 0.00 
C19,25 224805 0.00 
C19,26 240545 0.00 
C19,27 281252 0.00 
C19,28 273654 0.00 
C19,29 260221 0.00 
C19,30 256744 0.00 
C19,31 263484 0.00 
C19,32 246073 0.00 
C19,33 291252 0.00 
C19,34 277099 0.00 
C19,35 260173 0.00 
C19,36 261121 0.00 
C19,37 284911 0.00 
C19,38 261450 0.00 
C19,39 248074 0.00 
C19,40 265614 0.00 
C19,41 260522 0.00 
C19,42 263749 0.00 
C19,43 248051 0.00 
C19,44 254251 0.00 
C19,45 266214 0.00 
C19,46 260423 0.00 
C19,47 238975 0.00 
C19,48 276999 0.00 
C19,49 252930 0.00 
C19,50 263704 0.00 
C19,51 230568 0.00 
C19,52 234397 0.00 
C19,53 278264 0.00 
C19,54 271515 0.00 
C19,55 227297 0.00 
C19,56 275722 0.00 
C19,57 251839 0.00 
C19,58 259025 0.00 
C19,59 275876 0.00 
C19,60 260560 0.00 
C19,61 229909 0.00 
C19,62 253576 0.00 
C19,63 250770 0.00 
C19,64 240765 0.00 
C19,65 245587 0.00 
C19,66 262488 0.00 
C19,67 243507 0.00 
C19,68 254897 0.00 
C19,69 235907 0.00 
C19,70 253005 0.00 
C19,71 261909 0.00 
C19,72 249511 0.00 
C19,73 235561 0.00 
C19,74 287023 0.00 
C19,75 289277 0.00 
C19,76 237072 0.00 
C19,77 240035 0.00 
C19,78 256969 0.00 
C19,79 266386 0.00 
C19,80 257488 0.00 
C19,81 260486 0.00 
C19,82 284927 0.00 
C19,83 253665 0.00 
C19,84 245289 0.00 
C19,85 247856 0.00 
C19,86 228437 0.00 
C19,87 258606 0.00 
C19,88 261171 0.00 
C19,89 264775 0.00 
C19,90 270980 0.00 
C19,91 260080 0.00 
C19,92 234022 0.00 
C19,93 257093 0.00 
C19,94 240573 0.00 
C19,95 265301 0.00 
C19,96 250711 0.00 
C19,97 223148 0.00 
C19,98 275856 0.00 
C19,99 216626 0.00 
C19,100 245615 0.00 
C20,1 250069 0.00 
C20,2 203551 0.00 
C20,3 232517 0.00 
C20,4 223005 0.00 
C20,5 247579 0.00 
C20,6 223325 0.00 
C20,7 230405 0.00 
C20,8 213997 0.00 
C20,9 228104 0.00 
C20,10 236226 0.00 
C20,11 239111 0.00 
C20,12 219806 0.00 
C20,13 228121 0.00 
C20,14 229140 0.00 
C20,15 206451 0.00 
C20,16 218056 0.00 
C20,17 226276 0.00 
C20,18 230790 0.00 
C20,19 215597 0.00 
C20,20 208739 0.00 
C20,21 213897 0.00 
C20,22 224009 0.00 
C20,23 228474 0.00 
C20,24 195096 0.00 
C20,25 198908 0.00 
C20,26 203207 0.00 
C20,27 240368 0.00 
C20,28 249811 0.00 
C20,29 219160 0.00 
C20,30 220184 0.00 
C20,31 228265 0.00 
C20,32 216810 0.00 
C20,33 235945 0.00 
C20,34 228817 0.00 
C20,35 236620 0.00 
C20,36 215587 0.00 
C20,37 239501 0.00 
C20,38 221994 0.00 
C20,39 195575 0.00 
C20,40 227151 0.00 
C20,41 251420 0.00 
C20,42 219845 0.00 
C20,43 214295 0.00 
C20,44 211713 0.00 
C20,45 231744 0.00 
C20,46 231410 0.00 
C20,47 226133 0.00 
C20,48 244135 0.00 
C20,49 212851 0.00 
C20,50 224424 0.00 
C20,51 214822 0.00 
C20,52 203736 0.00 
C20,53 217650 0.00 
C20,54 239919 0.00 
C20,55 216519 0.00 
C20,56 223764 0.00 
C20,57 239843 0.00 
C20,58 197648 0.00 
C20,59 237050 0.00 
C20,60 198213 0.00 
C20,61 181675 0.00 
C20,62 224409 0.00 
C20,63 220568 0.00 
C20,64 204384 0.00 
C20,65 214078 0.00 
C20,66 237564 0.00 
C20,67 220636 0.00 
C20,68 204443 0.00 
C20,69 215120 0.00 
C20,70 209022 0.00 
C20,71 228179 0.00 
C20,72 206963 0.00 
C20,73 205696 0.00 
C20,74 234712 0.00 
C20,75 245554 0.00 
C20,76 213054 0.00 
C20,77 215621 0.00 
C20,78 237362 0.00 
C20,79 225048 0.00 
C20,80 207243 0.00 
C20,81 208526 0.00 
C20,82 255555 0.00 
C20,83 189839 0.00 
C20,84 209715 0.00 
C20,85 229278 0.00 
C20,86 200920 0.00 
C20,87 217820 0.00 
C20,88 236961 0.00 
C20,89 225718 0.00 
C20,90 245256 0.00 
C20,91 234591 0.00 
C20,92 189023 0.00 
C20,93 220076 0.00 
C20,94 233084 0.00 
C20,95 227570 0.00 
C20,96 208841 0.00 
C20,97 178365 0.00 
C20,98 216126 0.00 
C20,99 216163 0.00 
C20,100 199441 0.00 
C21,1 295544 0.00 
C21,2 259417 0.00 
C21,3 277483 0.00 
C21,4 250915 0.00 
C21,5 259052 0.00 
C21,6 269956 0.00 
C21,7 261377 0.00 
C21,8 227167 0.00 
C21,9 260847 0.00 
C21,10 269617 0.00 
C21,11 268817 0.00 
C21,12 259202 0.00 
C21,13 253298 0.00 
C21,14 265950 0.00 
C21,15 229137 0.00 
C21,16 247952 0.00 
C21,17 268525 0.00 
C21,18 264202 0.00 
C21,19 245583 0.00 
C21,20 236072 0.00 
C21,21 232904 0.00 
C21,22 236616 0.00 
C21,23 249163 0.00 
C21,24 230529 0.00 
C21,25 241001 0.00 
C21,26 232814 0.00 
C21,27 259316 0.00 
C21,28 281055 0.00 
C21,29 233668 0.00 
C21,30 250300 0.00 
C21,31 257263 0.00 
C21,32 231355 0.00 
C21,33 289935 0.00 
C21,34 272867 0.00 
C21,35 272027 0.00 
C21,36 245263 0.00 
C21,37 259885 0.00 
C21,38 254088 0.00 
C21,39 235909 0.00 
C21,40 251292 0.00 
C21,41 263005 0.00 
C21,42 249921 0.00 
C21,43 246964 0.00 
C21,44 235079 0.00 
C21,45 270734 0.00 
C21,46 259524 0.00 
C21,47 234561 0.00 
C21,48 275072 0.00 
C21,49 236905 0.00 
C21,50 254483 0.00 
C21,51 235412 0.00 
C21,52 249269 0.00 
C21,53 247006 0.00 
C21,54 249780 0.00 
C21,55 225989 0.00 
C21,56 282307 0.00 
C21,57 256658 0.00 
C21,58 255802 0.00 
C21,59 261195 0.00 
C21,60 245833 0.00 
C21,61 221117 0.00 
C21,62 246044 0.00 
C21,63 254077 0.00 
C21,64 244655 0.00 
C21,65 230904 0.00 
C21,66 263538 0.00 
C21,67 243927 0.00 
C21,68 248658 0.00 
C21,69 227303 0.00 
C21,70 255640 0.00 
C21,71 245416 0.00 
C21,72 250869 0.00 
C21,73 220295 0.00 
C21,74 275476 0.00 
C21,75 299729 0.00 
C21,76 253522 0.00 
C21,77 233779 0.00 
C21,78 258894 0.00 
C21,79 263899 0.00 
C21,80 248159 0.00 
C21,81 257892 0.00 
C21,82 274119 0.00 
C21,83 236932 0.00 
C21,84 258014 0.00 
C21,85 255408 0.00 
C21,86 235919 0.00 
C21,87 246843 0.00 
C21,88 246420 0.00 
C21,89 261466 0.00 
C21,90 265359 0.00 
C21,91 260360 0.00 
C21,92 229013 0.00 
C21,93 250631 0.00 
C21,94 263012 0.00 
C21,95 260136 0.00 
C21,96 243703 0.00 
C21,97 225204 0.00 
C21,98 275396 0.00 
C21,99 232284 0.00 
C21,100 244604 0.00 
C22,1 262652 0.00 
C22,2 210165 0.00 
C22,3 238713 0.00 
C22,4 246410 0.00 
C22,5 236925 0.00 
C22,6 249342 0.00 
C22,7 230789 0.00 
C22,8 207909 0.00 
C22,9 245743 0.00 
C22,10 245715 0.00 
C22,11 249657 0.00 
C22,12 226018 0.00 
C22,13 229351 0.00 
C22,14 258679 0.00 
C22,15 236515 0.00 
C22,16 229841 0.00 
C22,17 248749 0.00 
C22,18 222862 0.00 
C22,19 219627 0.00 
C22,20 223231 0.00 
C22,21 229172 0.00 
C22,22 248757 0.00 
C22,23 231796 0.00 
C22,24 210041 0.00 
C22,25 211209 0.00 
C22,26 223926 0.00 
C22,27 236025 0.00 
C22,28 254792 0.00 
C22,29 239168 0.00 
C22,30 242105 0.00 
C22,31 242814 0.00 
C22,32 221265 0.00 
C22,33 247537 0.00 
C22,34 240402 0.00 
C22,35 234986 0.00 
C22,36 224604 0.00 
C22,37 251629 0.00 
C22,38 245821 0.00 
C22,39 227989 0.00 
C22,40 239515 0.00 
C22,41 248055 0.00 
C22,42 231326 0.00 
C22,43 229481 0.00 
C22,44 218751 0.00 
C22,45 256877 0.00 
C22,46 238601 0.00 
C22,47 229875 0.00 
C22,48 256242 0.00 
C22,49 220652 0.00 
C22,50 240430 0.00 
C22,51 229689 0.00 
C22,52 223780 0.00 
C22,53 241237 0.00 
C22,54 247093 0.00 
C22,55 224367 0.00 
C22,56 256853 0.00 
C22,57 253864 0.00 
C22,58 231832 0.00 
C22,59 253290 0.00 
C22,60 224811 0.00 
C22,61 203696 0.00 
C22,62 248044 0.00 
C22,63 227080 0.00 
C22,64 218816 0.00 
C22,65 224328 0.00 
C22,66 245366 0.00 
C22,67 226410 0.00 
C22,68 239677 0.00 
C22,69 232275 0.00 
C22,70 234330 0.00 
C22,71 217570 0.00 
C22,72 212353 0.00 
C22,73 219734 0.00 
C22,74 262295 0.00 
C22,75 246270 0.00 
C22,76 237409 0.00 
C22,77 222716 0.00 
C22,78 239275 0.00 
C22,79 258817 0.00 
C22,80 227746 0.00 
C22,81 228791 0.00 
C22,82 260930 0.00 
C22,83 216480 0.00 
C22,84 225049 0.00 
C22,85 231734 0.00 
C22,86 223322 0.00 
C22,87 231884 0.00 
C22,88 238162 0.00 
C22,89 241597 0.00 
C22,90 245013 0.00 
C22,91 245144 0.00 
C22,92 223091 0.00 
C22,93 222912 0.00 
C22,94 254334 0.00 
C22,95 248597 0.00 
C22,96 219410 0.00 
C22,97 197437 0.00 
C22,98 256349 0.00 
C22,99 203311 0.00 
C22,100 213888 0.00 
C23,1 292440 0.00 
C23,2 256950 0.00 
C23,3 270277 0.00 
C23,4 264603 0.00 
C23,5 279392 0.00 
C23,6 265989 0.00 
C23,7 249264 0.00 
C23,8 236258 0.00 
C23,9 251753 0.00 
C23,10 282046 0.00 
C23,11 268413 0.00 
C23,12 257676 0.00 
C23,13 267985 0.00 
C23,14 284884 0.00 
C23,15 241778 0.00 
C23,16 258246 0.00 
C23,17 251822 0.00 
C23,18 284821 0.00 
C23,19 252954 0.00 
C23,20 239713 0.00 
C23,21 253258 0.00 
C23,22 273700 0.00 
C23,23 243324 0.00 
C23,24 239972 0.00 
C23,25 222151 0.00 
C23,26 233737 0.00 
C23,27 267778 0.00 
C23,28 281752 0.00 
C23,29 262832 0.00 
C23,30 243012 0.00 
C23,31 254915 0.00 
C23,32 242790 0.00 
C23,33 272350 0.00 
C23,34 265449 0.00 
C23,35 279307 0.00 
C23,36 239034 0.00 
C23,37 260664 0.00 
C23,38 265879 0.00 
C23,39 247612 0.00 
C23,40 257068 0.00 
C23,41 282514 0.00 
C23,42 255568 0.00 
C23,43 235973 0.00 
C23,44 247923 0.00 
C23,45 270598 0.00 
C23,46 247763 0.00 
C23,47 251482 0.00 
C23,48 283050 0.00 
C23,49 258506 0.00 
C23,50 249267 0.00 
C23,51 254955 0.00 
C23,52 238925 0.00 
C23,53 249919 0.00 
C23,54 271982 0.00 
C23,55 234642 0.00 
C23,56 265612 0.00 
C23,57 265277 0.00 
C23,58 257462 0.00 
C23,59 267867 0.00 
C23,60 241003 0.00 
C23,61 216386 0.00 
C23,62 257294 0.00 
C23,63 270346 0.00 
C23,64 243456 0.00 
C23,65 243796 0.00 
C23,66 263422 0.00 
C23,67 249933 0.00 
C23,68 251438 0.00 
C23,69 248991 0.00 
C23,70 244274 0.00 
C23,71 257885 0.00 
C23,72 227441 0.00 
C23,73 239983 0.00 
C23,74 277344 0.00 
C23,75 298930 0.00 
C23,76 262613 0.00 
C23,77 255752 0.00 
C23,78 257808 0.00 
C23,79 259550 0.00 
C23,80 227177 0.00 
C23,81 232351 0.00 
C23,82 296924 0.00 
C23,83 239842 0.00 
C23,84 227212 0.00 
C23,85 251730 0.00 
C23,86 230080 0.00 
C23,87 249087 0.00 
C23,88 251251 0.00 
C23,89 254761 0.00 
C23,90 263426 0.00 
C23,91 278850 0.00 
C23,92 242241 0.00 
C23,93 247895 0.00 
C23,94 259371 0.00 
C23,95 250897 0.00 
C23,96 233044 0.00 
C23,97 226787 0.00 
C23,98 267547 0.00 
C23,99 227027 0.00 
C23,100 242472 0.00 
C24,1 279518 0.00 
C24,2 242447 0.00 
C24,3 273917 0.00 
C24,4 266020 0.00 
C24,5 275168 0.00 
C24,6 262893 0.00 
C24,7 253506 0.00 
C24,8 242601 0.00 
C24,9 271735 0.00 
C24,10 274722 0.00 
C24,11 258285 0.00 
C24,12 246107 0.00 
C24,13 261399 0.00 
C24,14 273421 0.00 
C24,15 227326 0.00 
C24,16 263199 0.00 
C24,17 259765 0.00 
C24,18 257509 0.00 
C24,19 253770 0.00 
C24,20 263811 0.00 
C24,21 237566 0.00 
C24,22 266447 0.00 
C24,23 257405 0.00 
C24,24 221654 0.00 
C24,25 223929 0.00 
C24,26 235779 0.00 
C24,27 266306 0.00 
C24,28 272860 0.00 
C24,29 253419 0.00 
C24,30 271262 0.00 
C24,31 258788 0.00 
C24,32 231768 0.00 
C24,33 266939 0.00 
C24,34 273407 0.00 
C24,35 274183 0.00 
C24,36 243934 0.00 
C24,37 281620 0.00 
C24,38 246293 0.00 
C24,39 238387 0.00 
C24,40 250100 0.00 
C24,41 286766 0.00 
C24,42 259302 0.00 
C24,43 243610 0.00 
C24,44 243072 0.00 
C24,45 279848 0.00 
C24,46 262705 0.00 
C24,47 249608 0.00 
C24,48 281681 0.00 
C24,49 240079 0.00 
C24,50 245382 0.00 
C24,51 250199 0.00 
C24,52 247044 0.00 
C24,53 266867 0.00 
C24,54 270935 0.00 
C24,55 238674 0.00 
C24,56 253277 0.00 
C24,57 267673 0.00 
C24,58 234103 0.00 
C24,59 272222 0.00 
C24,60 235785 0.00 
C24,61 223570 0.00 
C24,62 259973 0.00 
C24,63 246736 0.00 
C24,64 233821 0.00 
C24,65 259318 0.00 
C24,66 269359 0.00 
C24,67 248395 0.00 
C24,68 239570 0.00 
C24,69 252884 0.00 
C24,70 262760 0.00 
C24,71 259479 0.00 
C24,72 233311 0.00 
C24,73 245736 0.00 
C24,74 282439 0.00 
C24,75 300290 0.00 
C24,76 273319 0.00 
C24,77 241755 0.00 
C24,78 266980 0.00 
C24,79 279708 0.00 
C24,80 244591 0.00 
C24,81 240346 0.00 
C24,82 294213 0.00 
C24,83 230711 0.00 
C24,84 243235 0.00 
C24,85 268709 0.00 
C24,86 249110 0.00 
C24,87 248551 0.00 
C24,88 244114 0.00 
C24,89 258368 0.00 
C24,90 275864 0.00 
C24,91 265993 0.00 
C24,92 239999 0.00 
C24,93 252321 0.00 
C24,94 278265 0.00 
C24,95 269410 0.00 
C24,96 240362 0.00 
C24,97 227898 0.00 
C24,98 269134 0.00 
C24,99 212449 0.00 
C24,100 234322 0.00 
C25,1 267982 0.00 
C25,2 226094 0.00 
C25,3 240279 0.00 
C25,4 245661 0.00 
C25,5 257134 0.00 
C25,6 277511 0.00 
C25,7 259653 0.00 
C25,8 225703 0.00 
C25,9 247555 0.00 
C25,10 264105 0.00 
C25,11 244521 0.00 
C25,12 227901 0.00 
C25,13 246109 0.00 
C25,14 266078 0.00 
C25,15 229511 0.00 
C25,16 236501 0.00 
C25,17 239609 0.00 
C25,18 251638 0.00 
C25,19 248390 0.00 
C25,20 229957 0.00 
C25,21 234781 0.00 
C25,22 234727 0.00 
C25,23 246718 0.00 
C25,24 222479 0.00 
C25,25 194566 0.00 
C25,26 226193 0.00 
C25,27 249607 0.00 
C25,28 269996 0.00 
C25,29 233932 0.00 
C25,30 264262 0.00 
C25,31 261578 0.00 
C25,32 215136 0.00 
C25,33 253614 0.00 
C25,34 251382 0.00 
C25,35 249179 0.00 
C25,36 223775 0.00 
C25,37 259375 0.00 
C25,38 229938 0.00 
C25,39 232865 0.00 
C25,40 237176 0.00 
C25,41 278605 0.00 
C25,42 251120 0.00 
C25,43 217230 0.00 
C25,44 234638 0.00 
C25,45 247930 0.00 
C25,46 245367 0.00 
C25,47 236405 0.00 
C25,48 265131 0.00 
C25,49 238401 0.00 
C25,50 247602 0.00 
0.00 
