100 100
C1,1 279626 0.00 
C1,2 248862 0.00 
C1,3 275693 0.00 
C1,4 269577 0.00 
C1,5 271346 0.00 
C1,6 262777 0.00 
C1,7 260399 0.00 
C1,8 241789 0.00 
C1,9 278282 0.00 
C1,10 280279 0.00 
C1,11 267965 0.00 
C1,12 258238 0.00 
C1,13 264752 0.00 
C1,14 278396 0.00 
C1,15 237809 0.00 
C1,16 262317 0.00 
C1,17 261854 0.00 
C1,18 263045 0.00 
C1,19 264648 0.00 
C1,20 236857 0.00 
C1,21 248659 0.00 
C1,22 260216 0.00 
C1,23 261629 0.00 
C1,24 225152 0.00 
C1,25 243862 0.00 
C1,26 242384 0.00 
C1,27 276218 0.00 
C1,28 270104 0.00 
C1,29 253407 0.00 
C1,30 261192 0.00 
C1,31 269684 0.00 
C1,32 236313 0.00 
C1,33 292339 0.00 
C1,34 281680 0.00 
C1,35 270416 0.00 
C1,36 237452 0.00 
C1,37 283308 0.00 
C1,38 263948 0.00 
C1,39 242013 0.00 
C1,40 277636 0.00 
C1,41 279143 0.00 
C1,42 270946 0.00 
C1,43 251829 0.00 
C1,44 247238 0.00 
C1,45 280976 0.00 
C1,46 271622 0.00 
C1,47 257258 0.00 
C1,48 285355 0.00 
C1,49 249768 0.00 
C1,50 259631 0.00 
C1,51 255674 0.00 
C1,52 249488 0.00 
C1,53 275598 0.00 
C1,54 279025 0.00 
C1,55 236903 0.00 
C1,56 275914 0.00 
C1,57 271640 0.00 
C1,58 247910 0.00 
C1,59 272214 0.00 
C1,60 265536 0.00 
C1,61 239895 0.00 
C1,62 276325 0.00 
C1,63 251481 0.00 
C1,64 251950 0.00 
C1,65 233668 0.00 
C1,66 274871 0.00 
C1,67 240729 0.00 
C1,68 274241 0.00 
C1,69 249116 0.00 
C1,70 263603 0.00 
C1,71 250112 0.00 
C1,72 252649 0.00 
C1,73 242278 0.00 
C1,74 279107 0.00 
C1,75 290900 0.00 
C1,76 256716 0.00 
C1,77 250945 0.00 
C1,78 262571 0.00 
C1,79 265187 0.00 
C1,80 243261 0.00 
C1,81 250156 0.00 
C1,82 290219 0.00 
C1,83 240402 0.00 
C1,84 250656 0.00 
C1,85 258673 0.00 
C1,86 241294 0.00 
C1,87 244980 0.00 
C1,88 274674 0.00 
C1,89 270459 0.00 
C1,90 267541 0.00 
C1,91 279295 0.00 
C1,92 236396 0.00 
C1,93 260549 0.00 
C1,94 273460 0.00 
C1,95 288893 0.00 
C1,96 249103 0.00 
C1,97 228861 0.00 
C1,98 281033 0.00 
C1,99 235004 0.00 
C1,100 256486 0.00 
C2,1 255429 0.00 
C2,2 232908 0.00 
C2,3 248810 0.00 
C2,4 248191 0.00 
C2,5 253781 0.00 
C2,6 246035 0.00 
C2,7 241343 0.00 
C2,8 187801 0.00 
C2,9 234592 0.00 
C2,10 251960 0.00 
C2,11 251716 0.00 
C2,12 229947 0.00 
C2,13 237975 0.00 
C2,14 275913 0.00 
C2,15 219066 0.00 
C2,16 244032 0.00 
C2,17 255203 0.00 
C2,18 248178 0.00 
C2,19 225446 0.00 
C2,20 213447 0.00 
C2,21 236761 0.00 
C2,22 243651 0.00 
C2,23 229542 0.00 
C2,24 223466 0.00 
C2,25 209924 0.00 
C2,26 216606 0.00 
C2,27 251352 0.00 
C2,28 253902 0.00 
C2,29 236800 0.00 
C2,30 243829 0.00 
C2,31 252625 0.00 
C2,32 215031 0.00 
C2,33 251600 0.00 
C2,34 258039 0.00 
C2,35 253427 0.00 
C2,36 226320 0.00 
C2,37 258413 0.00 
C2,38 233969 0.00 
C2,39 235212 0.00 
C2,40 238266 0.00 
C2,41 268492 0.00 
C2,42 236410 0.00 
C2,43 218351 0.00 
C2,44 247401 0.00 
C2,45 254912 0.00 
C2,46 257505 0.00 
C2,47 235052 0.00 
C2,48 273551 0.00 
C2,49 244332 0.00 
C2,50 241141 0.00 
C2,51 217410 0.00 
C2,52 238065 0.00 
C2,53 240301 0.00 
C2,54 246368 0.00 
C2,55 209900 0.00 
C2,56 264129 0.00 
C2,57 258112 0.00 
C2,58 233678 0.00 
C2,59 255894 0.00 
C2,60 222503 0.00 
C2,61 213884 0.00 
C2,62 235245 0.00 
C2,63 246307 0.00 
C2,64 202903 0.00 
C2,65 236782 0.00 
C2,66 242199 0.00 
C2,67 234992 0.00 
C2,68 232111 0.00 
C2,69 239006 0.00 
C2,70 231810 0.00 
C2,71 240923 0.00 
C2,72 224863 0.00 
C2,73 227416 0.00 
C2,74 250944 0.00 
C2,75 273155 0.00 
C2,76 243867 0.00 
C2,77 226446 0.00 
C2,78 255128 0.00 
C2,79 266569 0.00 
C2,80 227614 0.00 
C2,81 231365 0.00 
C2,82 264867 0.00 
C2,83 232644 0.00 
C2,84 245109 0.00 
C2,85 250650 0.00 
C2,86 218781 0.00 
C2,87 237324 0.00 
C2,88 239198 0.00 
C2,89 249496 0.00 
C2,90 242991 0.00 
C2,91 247186 0.00 
C2,92 229669 0.00 
C2,93 245747 0.00 
C2,94 257711 0.00 
C2,95 259061 0.00 
C2,96 229183 0.00 
C2,97 194376 0.00 
C2,98 256191 0.00 
C2,99 205720 0.00 
C2,100 231544 0.00 
C3,1 272513 0.00 
C3,2 243233 0.00 
C3,3 271516 0.00 
C3,4 268545 0.00 
C3,5 266740 0.00 
C3,6 260180 0.00 
C3,7 263153 0.00 
C3,8 226619 0.00 
C3,9 248631 0.00 
C3,10 275450 0.00 
C3,11 266687 0.00 
C3,12 241473 0.00 
C3,13 248186 0.00 
C3,14 272559 0.00 
C3,15 228060 0.00 
C3,16 267285 0.00 
C3,17 271860 0.00 
C3,18 258940 0.00 
C3,19 268057 0.00 
C3,20 239351 0.00 
C3,21 233862 0.00 
C3,22 253352 0.00 
C3,23 247747 0.00 
C3,24 214452 0.00 
C3,25 223302 0.00 
C3,26 241076 0.00 
C3,27 274494 0.00 
C3,28 264801 0.00 
C3,29 251026 0.00 
C3,30 250663 0.00 
C3,31 262134 0.00 
C3,32 226314 0.00 
C3,33 275377 0.00 
C3,34 279858 0.00 
C3,35 275034 0.00 
C3,36 242294 0.00 
C3,37 276485 0.00 
C3,38 263616 0.00 
C3,39 242279 0.00 
C3,40 269779 0.00 
C3,41 273130 0.00 
C3,42 256324 0.00 
C3,43 237233 0.00 
C3,44 241496 0.00 
C3,45 276451 0.00 
C3,46 260083 0.00 
C3,47 239495 0.00 
C3,48 282183 0.00 
C3,49 254502 0.00 
C3,50 253955 0.00 
C3,51 253529 0.00 
C3,52 240731 0.00 
C3,53 265132 0.00 
C3,54 256888 0.00 
C3,55 224503 0.00 
C3,56 269278 0.00 
C3,57 250294 0.00 
C3,58 254501 0.00 
C3,59 273691 0.00 
C3,60 247661 0.00 
C3,61 226687 0.00 
C3,62 265430 0.00 
C3,63 251798 0.00 
C3,64 231367 0.00 
C3,65 248507 0.00 
C3,66 272061 0.00 
C3,67 238991 0.00 
C3,68 265146 0.00 
C3,69 246553 0.00 
C3,70 262403 0.00 
C3,71 243030 0.00 
C3,72 254643 0.00 
C3,73 243732 0.00 
C3,74 268012 0.00 
C3,75 286488 0.00 
C3,76 268474 0.00 
C3,77 230381 0.00 
C3,78 256875 0.00 
C3,79 276740 0.00 
C3,80 231546 0.00 
C3,81 251607 0.00 
C3,82 292772 0.00 
C3,83 239422 0.00 
C3,84 252113 0.00 
C3,85 243652 0.00 
C3,86 237788 0.00 
C3,87 240825 0.00 
C3,88 266046 0.00 
C3,89 249560 0.00 
C3,90 257206 0.00 
C3,91 272181 0.00 
C3,92 234595 0.00 
C3,93 251725 0.00 
C3,94 258671 0.00 
C3,95 257839 0.00 
C3,96 247835 0.00 
C3,97 221902 0.00 
C3,98 281646 0.00 
C3,99 222273 0.00 
C3,100 250141 0.00 
C4,1 258944 0.00 
C4,2 214193 0.00 
C4,3 244754 0.00 
C4,4 240568 0.00 
C4,5 239583 0.00 
C4,6 238827 0.00 
C4,7 224058 0.00 
C4,8 213664 0.00 
C4,9 228689 0.00 
C4,10 234955 0.00 
C4,11 233810 0.00 
C4,12 217454 0.00 
C4,13 232417 0.00 
C4,14 249045 0.00 
C4,15 217033 0.00 
C4,16 229383 0.00 
C4,17 245113 0.00 
C4,18 241327 0.00 
C4,19 232767 0.00 
C4,20 205088 0.00 
C4,21 217580 0.00 
C4,22 226797 0.00 
C4,23 221220 0.00 
C4,24 208367 0.00 
C4,25 209639 0.00 
C4,26 223431 0.00 
C4,27 252065 0.00 
C4,28 241508 0.00 
C4,29 228540 0.00 
C4,30 239355 0.00 
C4,31 233540 0.00 
C4,32 217529 0.00 
C4,33 253191 0.00 
C4,34 246186 0.00 
C4,35 242500 0.00 
C4,36 210810 0.00 
C4,37 258533 0.00 
C4,38 239266 0.00 
C4,39 221219 0.00 
C4,40 246516 0.00 
C4,41 252956 0.00 
C4,42 242998 0.00 
C4,43 220918 0.00 
C4,44 213369 0.00 
C4,45 234345 0.00 
C4,46 241432 0.00 
C4,47 217590 0.00 
C4,48 255124 0.00 
C4,49 206681 0.00 
C4,50 242427 0.00 
C4,51 226431 0.00 
C4,52 224376 0.00 
C4,53 214436 0.00 
C4,54 244673 0.00 
C4,55 210753 0.00 
C4,56 238875 0.00 
C4,57 230492 0.00 
C4,58 215632 0.00 
C4,59 249346 0.00 
C4,60 221950 0.00 
C4,61 218234 0.00 
C4,62 224566 0.00 
C4,63 220290 0.00 
C4,64 226656 0.00 
C4,65 205739 0.00 
C4,66 240724 0.00 
C4,67 226973 0.00 
C4,68 216303 0.00 
C4,69 210144 0.00 
C4,70 230543 0.00 
C4,71 211777 0.00 
C4,72 225424 0.00 
C4,73 204756 0.00 
C4,74 243191 0.00 
C4,75 271217 0.00 
C4,76 221077 0.00 
C4,77 215486 0.00 
C4,78 228276 0.00 
C4,79 240025 0.00 
C4,80 212879 0.00 
C4,81 227838 0.00 
C4,82 249893 0.00 
C4,83 207972 0.00 
C4,84 217118 0.00 
C4,85 216733 0.00 
C4,86 204635 0.00 
C4,87 211656 0.00 
C4,88 252343 0.00 
C4,89 237620 0.00 
C4,90 233538 0.00 
C4,91 253396 0.00 
C4,92 212676 0.00 
C4,93 217072 0.00 
C4,94 229536 0.00 
C4,95 257027 0.00 
C4,96 222761 0.00 
C4,97 197468 0.00 
C4,98 233564 0.00 
C4,99 216179 0.00 
C4,100 214873 0.00 
C5,1 266360 0.00 
C5,2 236551 0.00 
C5,3 256501 0.00 
C5,4 263809 0.00 
C5,5 245069 0.00 
C5,6 242149 0.00 
C5,7 245860 0.00 
C5,8 207808 0.00 
C5,9 257223 0.00 
C5,10 267428 0.00 
C5,11 266418 0.00 
C5,12 243696 0.00 
C5,13 249363 0.00 
C5,14 283432 0.00 
C5,15 232566 0.00 
C5,16 242528 0.00 
C5,17 264367 0.00 
C5,18 243271 0.00 
C5,19 268329 0.00 
C5,20 219923 0.00 
C5,21 245839 0.00 
C5,22 255569 0.00 
C5,23 227860 0.00 
C5,24 221391 0.00 
C5,25 219793 0.00 
C5,26 228155 0.00 
C5,27 268289 0.00 
C5,28 250737 0.00 
C5,29 259267 0.00 
C5,30 242202 0.00 
C5,31 254380 0.00 
C5,32 239169 0.00 
C5,33 280060 0.00 
C5,34 270331 0.00 
C5,35 253804 0.00 
C5,36 234472 0.00 
C5,37 263511 0.00 
C5,38 256347 0.00 
C5,39 240343 0.00 
C5,40 248298 0.00 
C5,41 268895 0.00 
C5,42 251701 0.00 
C5,43 228275 0.00 
C5,44 245678 0.00 
C5,45 276603 0.00 
C5,46 249054 0.00 
C5,47 240385 0.00 
C5,48 267693 0.00 
C5,49 242691 0.00 
C5,50 243874 0.00 
C5,51 248244 0.00 
C5,52 243639 0.00 
C5,53 249962 0.00 
C5,54 264359 0.00 
C5,55 211779 0.00 
C5,56 261569 0.00 
C5,57 266673 0.00 
C5,58 243749 0.00 
C5,59 274820 0.00 
C5,60 243317 0.00 
C5,61 219448 0.00 
C5,62 250331 0.00 
C5,63 263354 0.00 
C5,64 234715 0.00 
C5,65 223480 0.00 
C5,66 250082 0.00 
C5,67 243876 0.00 
C5,68 247130 0.00 
C5,69 247749 0.00 
C5,70 254486 0.00 
C5,71 235454 0.00 
C5,72 234239 0.00 
C5,73 219380 0.00 
C5,74 272173 0.00 
C5,75 277041 0.00 
C5,76 259030 0.00 
C5,77 239195 0.00 
C5,78 241996 0.00 
C5,79 268378 0.00 
C5,80 240051 0.00 
C5,81 249983 0.00 
C5,82 270589 0.00 
C5,83 233665 0.00 
C5,84 226198 0.00 
C5,85 241857 0.00 
C5,86 206521 0.00 
C5,87 244486 0.00 
C5,88 250056 0.00 
C5,89 256779 0.00 
C5,90 257008 0.00 
C5,91 239841 0.00 
C5,92 230551 0.00 
C5,93 234550 0.00 
C5,94 263618 0.00 
C5,95 259760 0.00 
C5,96 250985 0.00 
C5,97 225036 0.00 
C5,98 269113 0.00 
C5,99 242158 0.00 
C5,100 242597 0.00 
C6,1 246078 0.00 
C6,2 204604 0.00 
C6,3 231804 0.00 
C6,4 237108 0.00 
C6,5 235472 0.00 
C6,6 220295 0.00 
C6,7 212516 0.00 
C6,8 207892 0.00 
C6,9 235464 0.00 
C6,10 225432 0.00 
C6,11 223207 0.00 
C6,12 217300 0.00 
C6,13 216272 0.00 
C6,14 238291 0.00 
C6,15 204978 0.00 
C6,16 212482 0.00 
C6,17 203200 0.00 
C6,18 219489 0.00 
C6,19 228232 0.00 
C6,20 210918 0.00 
C6,21 208618 0.00 
C6,22 217425 0.00 
C6,23 218645 0.00 
C6,24 195596 0.00 
C6,25 188088 0.00 
C6,26 208461 0.00 
C6,27 220978 0.00 
C6,28 225838 0.00 
C6,29 215707 0.00 
C6,30 208851 0.00 
C6,31 221585 0.00 
C6,32 209167 0.00 
C6,33 237044 0.00 
C6,34 240342 0.00 
C6,35 208840 0.00 
C6,36 209106 0.00 
C6,37 223777 0.00 
C6,38 202076 0.00 
C6,39 224110 0.00 
C6,40 203749 0.00 
C6,41 237538 0.00 
C6,42 237965 0.00 
C6,43 208175 0.00 
C6,44 213121 0.00 
C6,45 224398 0.00 
C6,46 209569 0.00 
C6,47 209902 0.00 
C6,48 211942 0.00 
C6,49 203359 0.00 
C6,50 222478 0.00 
C6,51 211518 0.00 
C6,52 197715 0.00 
C6,53 230157 0.00 
C6,54 222469 0.00 
C6,55 204876 0.00 
C6,56 229147 0.00 
C6,57 221549 0.00 
C6,58 213861 0.00 
C6,59 228785 0.00 
C6,60 194513 0.00 
C6,61 205016 0.00 
C6,62 232098 0.00 
C6,63 225159 0.00 
C6,64 188007 0.00 
C6,65 209643 0.00 
C6,66 224678 0.00 
C6,67 201127 0.00 
C6,68 212314 0.00 
C6,69 204145 0.00 
C6,70 233407 0.00 
C6,71 216803 0.00 
C6,72 202660 0.00 
C6,73 208695 0.00 
C6,74 248198 0.00 
C6,75 237894 0.00 
C6,76 235174 0.00 
C6,77 206967 0.00 
C6,78 221949 0.00 
C6,79 243334 0.00 
C6,80 199971 0.00 
C6,81 219224 0.00 
C6,82 234091 0.00 
C6,83 212067 0.00 
C6,84 192137 0.00 
C6,85 220734 0.00 
C6,86 216419 0.00 
C6,87 204854 0.00 
C6,88 230823 0.00 
C6,89 201115 0.00 
C6,90 212318 0.00 
C6,91 240674 0.00 
C6,92 199555 0.00 
C6,93 214939 0.00 
C6,94 222998 0.00 
C6,95 235688 0.00 
C6,96 202184 0.00 
C6,97 186286 0.00 
C6,98 241414 0.00 
C6,99 192611 0.00 
C6,100 203341 0.00 
C7,1 246150 0.00 
C7,2 219417 0.00 
C7,3 243389 0.00 
C7,4 242803 0.00 
C7,5 231649 0.00 
C7,6 231656 0.00 
C7,7 225471 0.00 
C7,8 217463 0.00 
C7,9 216348 0.00 
C7,10 234782 0.00 
C7,11 237771 0.00 
C7,12 220906 0.00 
C7,13 226542 0.00 
C7,14 246022 0.00 
C7,15 218534 0.00 
C7,16 230375 0.00 
C7,17 239224 0.00 
C7,18 245004 0.00 
C7,19 228250 0.00 
C7,20 199375 0.00 
C7,21 212307 0.00 
C7,22 236099 0.00 
C7,23 225444 0.00 
C7,24 204070 0.00 
C7,25 202916 0.00 
C7,26 216581 0.00 
C7,27 263326 0.00 
C7,28 251881 0.00 
C7,29 228199 0.00 
C7,30 225957 0.00 
C7,31 242005 0.00 
C7,32 208963 0.00 
C7,33 243083 0.00 
C7,34 246950 0.00 
C7,35 231355 0.00 
C7,36 197196 0.00 
C7,37 239739 0.00 
C7,38 222674 0.00 
C7,39 200342 0.00 
C7,40 234374 0.00 
C7,41 240109 0.00 
C7,42 241006 0.00 
C7,43 218959 0.00 
C7,44 214427 0.00 
C7,45 242969 0.00 
C7,46 228763 0.00 
C7,47 227179 0.00 
C7,48 248202 0.00 
C7,49 232240 0.00 
C7,50 229935 0.00 
C7,51 225151 0.00 
C7,52 203433 0.00 
C7,53 228883 0.00 
C7,54 237751 0.00 
C7,55 217524 0.00 
C7,56 226578 0.00 
C7,57 229988 0.00 
C7,58 219616 0.00 
C7,59 242445 0.00 
C7,60 199246 0.00 
C7,61 200965 0.00 
C7,62 242572 0.00 
C7,63 237372 0.00 
C7,64 204246 0.00 
C7,65 217214 0.00 
C7,66 252152 0.00 
C7,67 217163 0.00 
C7,68 228644 0.00 
C7,69 210166 0.00 
C7,70 218835 0.00 
C7,71 209174 0.00 
C7,72 210458 0.00 
C7,73 209501 0.00 
C7,74 245716 0.00 
C7,75 272260 0.00 
C7,76 223755 0.00 
C7,77 211138 0.00 
C7,78 230961 0.00 
C7,79 243903 0.00 
C7,80 216984 0.00 
C7,81 230533 0.00 
C7,82 266945 0.00 
C7,83 207728 0.00 
C7,84 207981 0.00 
C7,85 231795 0.00 
C7,86 204541 0.00 
C7,87 223306 0.00 
C7,88 235603 0.00 
C7,89 218200 0.00 
C7,90 239686 0.00 
C7,91 242870 0.00 
C7,92 210940 0.00 
C7,93 219104 0.00 
C7,94 239564 0.00 
C7,95 229717 0.00 
C7,96 230906 0.00 
C7,97 194319 0.00 
C7,98 248738 0.00 
C7,99 210760 0.00 
C7,100 210410 0.00 
C8,1 279645 0.00 
C8,2 237649 0.00 
C8,3 248557 0.00 
C8,4 246556 0.00 
C8,5 248657 0.00 
C8,6 261476 0.00 
C8,7 239081 0.00 
C8,8 231268 0.00 
C8,9 243951 0.00 
C8,10 246541 0.00 
C8,11 265583 0.00 
C8,12 231576 0.00 
C8,13 257649 0.00 
C8,14 260991 0.00 
C8,15 219929 0.00 
C8,16 232482 0.00 
C8,17 238589 0.00 
C8,18 260827 0.00 
C8,19 224133 0.00 
C8,20 242053 0.00 
C8,21 236468 0.00 
C8,22 228317 0.00 
C8,23 238632 0.00 
C8,24 208840 0.00 
C8,25 217142 0.00 
C8,26 224589 0.00 
C8,27 248951 0.00 
C8,28 273800 0.00 
C8,29 244520 0.00 
C8,30 258163 0.00 
C8,31 255394 0.00 
C8,32 229964 0.00 
C8,33 271344 0.00 
C8,34 289772 0.00 
C8,35 238442 0.00 
C8,36 224220 0.00 
C8,37 266251 0.00 
C8,38 240946 0.00 
C8,39 226896 0.00 
C8,40 258408 0.00 
C8,41 271748 0.00 
C8,42 251019 0.00 
C8,43 229939 0.00 
C8,44 221855 0.00 
C8,45 257203 0.00 
C8,46 241062 0.00 
C8,47 237203 0.00 
C8,48 260670 0.00 
C8,49 241176 0.00 
C8,50 245323 0.00 
C8,51 227477 0.00 
C8,52 232096 0.00 
C8,53 256377 0.00 
C8,54 250683 0.00 
C8,55 204894 0.00 
C8,56 259409 0.00 
C8,57 246296 0.00 
C8,58 234833 0.00 
C8,59 255267 0.00 
C8,60 229726 0.00 
C8,61 208019 0.00 
C8,62 248773 0.00 
C8,63 243497 0.00 
C8,64 224201 0.00 
C8,65 238640 0.00 
C8,66 251822 0.00 
C8,67 222409 0.00 
C8,68 227587 0.00 
C8,69 245002 0.00 
C8,70 241927 0.00 
C8,71 251960 0.00 
C8,72 230573 0.00 
C8,73 226540 0.00 
C8,74 263260 0.00 
C8,75 277695 0.00 
C8,76 239264 0.00 
C8,77 235460 0.00 
C8,78 253973 0.00 
C8,79 264532 0.00 
C8,80 239587 0.00 
C8,81 229063 0.00 
C8,82 279845 0.00 
C8,83 222386 0.00 
C8,84 239299 0.00 
C8,85 247582 0.00 
C8,86 236337 0.00 
C8,87 245376 0.00 
C8,88 247480 0.00 
C8,89 231956 0.00 
C8,90 254488 0.00 
C8,91 248463 0.00 
C8,92 229771 0.00 
C8,93 241176 0.00 
C8,94 259273 0.00 
C8,95 250568 0.00 
C8,96 240017 0.00 
C8,97 187865 0.00 
C8,98 266761 0.00 
C8,99 207420 0.00 
C8,100 212159 0.00 
C9,1 269631 0.00 
C9,2 234771 0.00 
C9,3 248653 0.00 
C9,4 265768 0.00 
C9,5 263647 0.00 
C9,6 251424 0.00 
C9,7 252206 0.00 
C9,8 248603 0.00 
C9,9 253730 0.00 
C9,10 287983 0.00 
C9,11 283385 0.00 
C9,12 242919 0.00 
C9,13 260855 0.00 
C9,14 284011 0.00 
C9,15 233314 0.00 
C9,16 253284 0.00 
C9,17 241335 0.00 
C9,18 253680 0.00 
C9,19 268613 0.00 
C9,20 244008 0.00 
C9,21 242332 0.00 
C9,22 244646 0.00 
C9,23 231188 0.00 
C9,24 220863 0.00 
C9,25 215591 0.00 
C9,26 247656 0.00 
C9,27 282423 0.00 
C9,28 257541 0.00 
C9,29 265065 0.00 
C9,30 247605 0.00 
C9,31 257055 0.00 
C9,32 238428 0.00 
C9,33 292043 0.00 
C9,34 289171 0.00 
C9,35 244392 0.00 
C9,36 251541 0.00 
C9,37 284386 0.00 
C9,38 246651 0.00 
C9,39 248178 0.00 
C9,40 260728 0.00 
C9,41 259906 0.00 
C9,42 265717 0.00 
C9,43 230952 0.00 
C9,44 246587 0.00 
C9,45 261644 0.00 
C9,46 250438 0.00 
C9,47 257329 0.00 
C9,48 278670 0.00 
C9,49 238750 0.00 
C9,50 261969 0.00 
C9,51 249927 0.00 
C9,52 240434 0.00 
C9,53 255610 0.00 
C9,54 264315 0.00 
C9,55 226032 0.00 
C9,56 266409 0.00 
C9,57 240811 0.00 
C9,58 257036 0.00 
C9,59 264879 0.00 
C9,60 251294 0.00 
C9,61 214323 0.00 
C9,62 271567 0.00 
C9,63 248838 0.00 
C9,64 234498 0.00 
C9,65 242516 0.00 
C9,66 246959 0.00 
C9,67 249526 0.00 
C9,68 252124 0.00 
C9,69 238050 0.00 
C9,70 272239 0.00 
C9,71 258520 0.00 
C9,72 248624 0.00 
C9,73 231340 0.00 
C9,74 279812 0.00 
C9,75 284947 0.00 
C9,76 249700 0.00 
C9,77 253085 0.00 
C9,78 249868 0.00 
C9,79 278223 0.00 
C9,80 238408 0.00 
C9,81 235967 0.00 
C9,82 282229 0.00 
C9,83 248504 0.00 
C9,84 245930 0.00 
C9,85 266545 0.00 
C9,86 208385 0.00 
C9,87 248052 0.00 
C9,88 277855 0.00 
C9,89 256815 0.00 
C9,90 263278 0.00 
C9,91 263041 0.00 
C9,92 236452 0.00 
C9,93 253981 0.00 
C9,94 256886 0.00 
C9,95 262051 0.00 
C9,96 243886 0.00 
C9,97 220296 0.00 
C9,98 271453 0.00 
C9,99 225815 0.00 
C9,100 237937 0.00 
C10,1 253286 0.00 
C10,2 222912 0.00 
C10,3 227525 0.00 
C10,4 241813 0.00 
C10,5 232841 0.00 
C10,6 215363 0.00 
C10,7 226554 0.00 
C10,8 217730 0.00 
C10,9 226907 0.00 
C10,10 227802 0.00 
C10,11 222789 0.00 
C10,12 212686 0.00 
C10,13 213791 0.00 
C10,14 235350 0.00 
C10,15 198433 0.00 
C10,16 227737 0.00 
C10,17 234039 0.00 
C10,18 228901 0.00 
C10,19 229811 0.00 
C10,20 220362 0.00 
C10,21 201307 0.00 
C10,22 216587 0.00 
C10,23 224333 0.00 
C10,24 193902 0.00 
C10,25 191809 0.00 
C10,26 212228 0.00 
C10,27 223960 0.00 
C10,28 221810 0.00 
C10,29 221295 0.00 
C10,30 233978 0.00 
C10,31 218875 0.00 
C10,32 188023 0.00 
C10,33 245497 0.00 
C10,34 222378 0.00 
C10,35 218376 0.00 
C10,36 221023 0.00 
C10,37 239005 0.00 
C10,38 213588 0.00 
C10,39 199110 0.00 
C10,40 222330 0.00 
C10,41 257751 0.00 
C10,42 218308 0.00 
C10,43 210362 0.00 
C10,44 207936 0.00 
C10,45 238234 0.00 
C10,46 226877 0.00 
C10,47 212056 0.00 
C10,48 248452 0.00 
C10,49 214853 0.00 
C10,50 212132 0.00 
C10,51 220259 0.00 
C10,52 216725 0.00 
C10,53 219625 0.00 
C10,54 232493 0.00 
C10,55 203434 0.00 
C10,56 227165 0.00 
C10,57 220030 0.00 
C10,58 190174 0.00 
C10,59 248444 0.00 
C10,60 213856 0.00 
C10,61 186023 0.00 
C10,62 235422 0.00 
C10,63 227982 0.00 
C10,64 198810 0.00 
C10,65 216433 0.00 
C10,66 222047 0.00 
C10,67 206079 0.00 
C10,68 197634 0.00 
C10,69 218338 0.00 
C10,70 218013 0.00 
C10,71 217820 0.00 
C10,72 208849 0.00 
C10,73 206771 0.00 
C10,74 244438 0.00 
C10,75 259596 0.00 
C10,76 236824 0.00 
C10,77 198925 0.00 
C10,78 222611 0.00 
C10,79 245043 0.00 
C10,80 201062 0.00 
C10,81 200064 0.00 
C10,82 251546 0.00 
C10,83 211202 0.00 
C10,84 217301 0.00 
C10,85 226613 0.00 
C10,86 218019 0.00 
C10,87 210012 0.00 
C10,88 223454 0.00 
C10,89 231822 0.00 
C10,90 232125 0.00 
C10,91 224385 0.00 
C10,92 207487 0.00 
C10,93 228277 0.00 
C10,94 226955 0.00 
C10,95 236353 0.00 
C10,96 212342 0.00 
C10,97 183440 0.00 
C10,98 225156 0.00 
C10,99 191317 0.00 
C10,100 191053 0.00 
C11,1 279110 0.00 
C11,2 231604 0.00 
C11,3 254977 0.00 
C11,4 231568 0.00 
C11,5 257778 0.00 
C11,6 255939 0.00 
C11,7 229290 0.00 
C11,8 212349 0.00 
C11,9 245062 0.00 
C11,10 266452 0.00 
C11,11 268847 0.00 
C11,12 246681 0.00 
C11,13 243603 0.00 
C11,14 266307 0.00 
C11,15 223933 0.00 
C11,16 245547 0.00 
C11,17 249796 0.00 
C11,18 258373 0.00 
C11,19 249440 0.00 
C11,20 219637 0.00 
C11,21 249795 0.00 
C11,22 246794 0.00 
C11,23 235053 0.00 
C11,24 223999 0.00 
C11,25 216954 0.00 
C11,26 218285 0.00 
C11,27 237855 0.00 
C11,28 246422 0.00 
C11,29 247991 0.00 
C11,30 249298 0.00 
C11,31 248440 0.00 
C11,32 237703 0.00 
C11,33 281899 0.00 
C11,34 266802 0.00 
C11,35 261030 0.00 
C11,36 224662 0.00 
C11,37 269335 0.00 
C11,38 264985 0.00 
C11,39 248473 0.00 
C11,40 249136 0.00 
C11,41 266113 0.00 
C11,42 249125 0.00 
C11,43 239186 0.00 
C11,44 226197 0.00 
C11,45 256127 0.00 
C11,46 250550 0.00 
C11,47 244439 0.00 
C11,48 272920 0.00 
C11,49 236395 0.00 
C11,50 236822 0.00 
C11,51 246038 0.00 
C11,52 231993 0.00 
C11,53 241713 0.00 
C11,54 246945 0.00 
C11,55 216279 0.00 
C11,56 258626 0.00 
C11,57 239752 0.00 
C11,58 248701 0.00 
C11,59 274133 0.00 
C11,60 242045 0.00 
C11,61 218511 0.00 
C11,62 234888 0.00 
C11,63 243117 0.00 
C11,64 235878 0.00 
C11,65 227337 0.00 
C11,66 263282 0.00 
C11,67 232198 0.00 
C11,68 235817 0.00 
C11,69 234135 0.00 
C11,70 251780 0.00 
C11,71 238040 0.00 
C11,72 227109 0.00 
C11,73 222551 0.00 
C11,74 257478 0.00 
C11,75 284556 0.00 
C11,76 242138 0.00 
C11,77 256399 0.00 
C11,78 252869 0.00 
C11,79 257672 0.00 
C11,80 241121 0.00 
C11,81 225328 0.00 
C11,82 257277 0.00 
C11,83 228395 0.00 
C11,84 215814 0.00 
C11,85 236736 0.00 
C11,86 214654 0.00 
C11,87 244335 0.00 
C11,88 250054 0.00 
C11,89 245424 0.00 
C11,90 241500 0.00 
C11,91 258341 0.00 
C11,92 223830 0.00 
C11,93 239866 0.00 
C11,94 242825 0.00 
C11,95 257501 0.00 
C11,96 223662 0.00 
C11,97 202873 0.00 
C11,98 261953 0.00 
C11,99 223533 0.00 
C11,100 232731 0.00 
C12,1 274115 0.00 
C12,2 225484 0.00 
C12,3 243729 0.00 
C12,4 227379 0.00 
C12,5 256504 0.00 
C12,6 253975 0.00 
C12,7 259237 0.00 
C12,8 228706 0.00 
C12,9 257176 0.00 
C12,10 259580 0.00 
C12,11 254614 0.00 
C12,12 246739 0.00 
C12,13 239387 0.00 
C12,14 264171 0.00 
C12,15 224600 0.00 
C12,16 249848 0.00 
C12,17 240481 0.00 
C12,18 246749 0.00 
C12,19 239194 0.00 
C12,20 229493 0.00 
C12,21 226525 0.00 
C12,22 235076 0.00 
C12,23 231762 0.00 
C12,24 214769 0.00 
C12,25 210082 0.00 
C12,26 232711 0.00 
C12,27 259349 0.00 
C12,28 255635 0.00 
C12,29 226435 0.00 
C12,30 246595 0.00 
C12,31 234505 0.00 
C12,32 226293 0.00 
C12,33 268987 0.00 
C12,34 256896 0.00 
C12,35 248128 0.00 
C12,36 230808 0.00 
C12,37 269957 0.00 
C12,38 250764 0.00 
C12,39 221062 0.00 
C12,40 238650 0.00 
C12,41 267195 0.00 
C12,42 227556 0.00 
C12,43 210357 0.00 
C12,44 244409 0.00 
C12,45 249860 0.00 
C12,46 239188 0.00 
C12,47 229677 0.00 
C12,48 258546 0.00 
C12,49 239430 0.00 
C12,50 238397 0.00 
C12,51 251875 0.00 
C12,52 230944 0.00 
C12,53 242255 0.00 
C12,54 252349 0.00 
C12,55 203534 0.00 
C12,56 250357 0.00 
C12,57 239236 0.00 
C12,58 231001 0.00 
C12,59 253899 0.00 
C12,60 222663 0.00 
C12,61 217452 0.00 
C12,62 242462 0.00 
C12,63 227371 0.00 
C12,64 220407 0.00 
C12,65 217327 0.00 
C12,66 241439 0.00 
C12,67 228375 0.00 
C12,68 229323 0.00 
C12,69 234553 0.00 
C12,70 240870 0.00 
C12,71 245657 0.00 
C12,72 222781 0.00 
C12,73 212668 0.00 
C12,74 271832 0.00 
C12,75 273100 0.00 
C12,76 226658 0.00 
C12,77 237504 0.00 
C12,78 259672 0.00 
C12,79 261428 0.00 
C12,80 215836 0.00 
C12,81 227907 0.00 
C12,82 258353 0.00 
C12,83 228971 0.00 
C12,84 233957 0.00 
C12,85 232897 0.00 
C12,86 217924 0.00 
C12,87 226441 0.00 
C12,88 232839 0.00 
C12,89 251841 0.00 
C12,90 263025 0.00 
C12,91 246339 0.00 
C12,92 218387 0.00 
C12,93 225374 0.00 
C12,94 253927 0.00 
C12,95 257041 0.00 
C12,96 231327 0.00 
C12,97 195266 0.00 
C12,98 253092 0.00 
C12,99 212599 0.00 
C12,100 225302 0.00 
