200 200
C161,1 470859 0.00 
C161,2 491600 0.00 
C161,3 453459 0.00 
C161,4 502689 0.00 
C161,5 466790 0.00 
C161,6 464477 0.00 
C161,7 485952 0.00 
C161,8 526248 0.00 
C161,9 488466 0.00 
C161,10 524432 0.00 
C161,11 499506 0.00 
C161,12 514389 0.00 
C161,13 485750 0.00 
C161,14 475396 0.00 
C161,15 542677 0.00 
C161,16 498847 0.00 
C161,17 494297 0.00 
C161,18 538517 0.00 
C161,19 501213 0.00 
C161,20 485568 0.00 
C161,21 482982 0.00 
C161,22 502684 0.00 
C161,23 461166 0.00 
C161,24 504399 0.00 
C161,25 487313 0.00 
C161,26 489703 0.00 
C161,27 499036 0.00 
C161,28 467349 0.00 
C161,29 530148 0.00 
C161,30 510824 0.00 
C161,31 533696 0.00 
C161,32 465211 0.00 
C161,33 505150 0.00 
C161,34 474838 0.00 
C161,35 505028 0.00 
C161,36 465621 0.00 
C161,37 494475 0.00 
C161,38 520433 0.00 
C161,39 517302 0.00 
C161,40 483036 0.00 
C161,41 482387 0.00 
C161,42 474456 0.00 
C161,43 485860 0.00 
C161,44 502242 0.00 
C161,45 504096 0.00 
C161,46 502018 0.00 
C161,47 491208 0.00 
C161,48 484851 0.00 
C161,49 506895 0.00 
C161,50 485867 0.00 
C161,51 446198 0.00 
C161,52 498465 0.00 
C161,53 481453 0.00 
C161,54 509794 0.00 
C161,55 500389 0.00 
C161,56 496542 0.00 
C161,57 492854 0.00 
C161,58 514894 0.00 
C161,59 483734 0.00 
C161,60 440147 0.00 
C161,61 519250 0.00 
C161,62 459051 0.00 
C161,63 507142 0.00 
C161,64 481448 0.00 
C161,65 508917 0.00 
C161,66 510720 0.00 
C161,67 494359 0.00 
C161,68 460460 0.00 
C161,69 473269 0.00 
C161,70 503570 0.00 
C161,71 499427 0.00 
C161,72 503318 0.00 
C161,73 503692 0.00 
C161,74 469648 0.00 
C161,75 469422 0.00 
C161,76 503298 0.00 
C161,77 483793 0.00 
C161,78 491833 0.00 
C161,79 488054 0.00 
C161,80 470016 0.00 
C161,81 480467 0.00 
C161,82 475762 0.00 
C161,83 501321 0.00 
C161,84 471413 0.00 
C161,85 462920 0.00 
C161,86 523165 0.00 
C161,87 521288 0.00 
C161,88 441031 0.00 
C161,89 449313 0.00 
C161,90 465658 0.00 
C161,91 496391 0.00 
C161,92 484104 0.00 
C161,93 495059 0.00 
C161,94 483728 0.00 
C161,95 496326 0.00 
C161,96 480022 0.00 
C161,97 516031 0.00 
C161,98 453051 0.00 
C161,99 441426 0.00 
C161,100 495893 0.00 
C161,101 505056 0.00 
C161,102 495868 0.00 
C161,103 473937 0.00 
C161,104 510684 0.00 
C161,105 489317 0.00 
C161,106 502650 0.00 
C161,107 454813 0.00 
C161,108 491000 0.00 
C161,109 501519 0.00 
C161,110 472029 0.00 
C161,111 506692 0.00 
C161,112 489987 0.00 
C161,113 461251 0.00 
C161,114 476834 0.00 
C161,115 508320 0.00 
C161,116 492214 0.00 
C161,117 442458 0.00 
C161,118 542977 0.00 
C161,119 479575 0.00 
C161,120 506236 0.00 
C161,121 494931 0.00 
C161,122 536958 0.00 
C161,123 498466 0.00 
C161,124 492865 0.00 
C161,125 474818 0.00 
C161,126 496296 0.00 
C161,127 483916 0.00 
C161,128 498059 0.00 
C161,129 540057 0.00 
C161,130 481050 0.00 
C161,131 500841 0.00 
C161,132 446862 0.00 
C161,133 487362 0.00 
C161,134 494855 0.00 
C161,135 463674 0.00 
C161,136 422012 0.00 
C161,137 469716 0.00 
C161,138 480714 0.00 
C161,139 504426 0.00 
C161,140 487979 0.00 
C161,141 516271 0.00 
C161,142 475407 0.00 
C161,143 547796 0.00 
C161,144 475331 0.00 
C161,145 480384 0.00 
C161,146 465696 0.00 
C161,147 542560 0.00 
C161,148 465678 0.00 
C161,149 496201 0.00 
C161,150 504145 0.00 
C161,151 514147 0.00 
C161,152 498953 0.00 
C161,153 513062 0.00 
C161,154 471378 0.00 
C161,155 488338 0.00 
C161,156 490409 0.00 
C161,157 531086 0.00 
C161,158 494112 0.00 
C161,159 471142 0.00 
C161,160 534502 0.00 
C161,161 507390 0.00 
C161,162 480979 0.00 
C161,163 499105 0.00 
C161,164 496670 0.00 
C161,165 447219 0.00 
C161,166 511047 0.00 
C161,167 464639 0.00 
C161,168 499777 0.00 
C161,169 478514 0.00 
C161,170 476666 0.00 
C161,171 469889 0.00 
C161,172 528555 0.00 
C161,173 481079 0.00 
C161,174 533557 0.00 
C161,175 495550 0.00 
C161,176 471093 0.00 
C161,177 482773 0.00 
C161,178 482593 0.00 
C161,179 532543 0.00 
C161,180 542467 0.00 
C161,181 518165 0.00 
C161,182 531564 0.00 
C161,183 503736 0.00 
C161,184 481512 0.00 
C161,185 476882 0.00 
C161,186 465869 0.00 
C161,187 500175 0.00 
C161,188 505000 0.00 
C161,189 446820 0.00 
C161,190 509389 0.00 
C161,191 470197 0.00 
C161,192 499694 0.00 
C161,193 478578 0.00 
C161,194 500240 0.00 
C161,195 440165 0.00 
C161,196 492150 0.00 
C161,197 498275 0.00 
C161,198 472815 0.00 
C161,199 504692 0.00 
C161,200 486216 0.00 
C162,1 464139 0.00 
C162,2 469588 0.00 
C162,3 484675 0.00 
C162,4 490422 0.00 
C162,5 488343 0.00 
C162,6 478537 0.00 
C162,7 517447 0.00 
C162,8 503374 0.00 
C162,9 507238 0.00 
C162,10 499761 0.00 
C162,11 515730 0.00 
C162,12 509761 0.00 
C162,13 497243 0.00 
C162,14 501759 0.00 
C162,15 554010 0.00 
C162,16 497184 0.00 
C162,17 495587 0.00 
C162,18 534046 0.00 
C162,19 541200 0.00 
C162,20 462503 0.00 
C162,21 483769 0.00 
C162,22 509466 0.00 
C162,23 484984 0.00 
C162,24 561522 0.00 
C162,25 497675 0.00 
C162,26 486032 0.00 
C162,27 507946 0.00 
C162,28 466703 0.00 
C162,29 555057 0.00 
C162,30 534520 0.00 
C162,31 550336 0.00 
C162,32 466073 0.00 
C162,33 516341 0.00 
C162,34 492531 0.00 
C162,35 524783 0.00 
C162,36 486918 0.00 
C162,37 493977 0.00 
C162,38 494577 0.00 
C162,39 508351 0.00 
C162,40 491973 0.00 
C162,41 466293 0.00 
C162,42 480716 0.00 
C162,43 495855 0.00 
C162,44 518398 0.00 
C162,45 510517 0.00 
C162,46 489538 0.00 
C162,47 522869 0.00 
C162,48 469540 0.00 
C162,49 516259 0.00 
C162,50 506318 0.00 
C162,51 471544 0.00 
C162,52 506264 0.00 
C162,53 487304 0.00 
C162,54 521245 0.00 
C162,55 509494 0.00 
C162,56 498361 0.00 
C162,57 490644 0.00 
C162,58 519773 0.00 
C162,59 499992 0.00 
C162,60 455170 0.00 
C162,61 505448 0.00 
C162,62 474102 0.00 
C162,63 498044 0.00 
C162,64 488449 0.00 
C162,65 520317 0.00 
C162,66 502640 0.00 
C162,67 511499 0.00 
C162,68 514204 0.00 
C162,69 461012 0.00 
C162,70 506918 0.00 
C162,71 508287 0.00 
C162,72 493491 0.00 
C162,73 519746 0.00 
C162,74 468848 0.00 
C162,75 486088 0.00 
C162,76 517663 0.00 
C162,77 485526 0.00 
C162,78 531774 0.00 
C162,79 485395 0.00 
C162,80 500703 0.00 
C162,81 473971 0.00 
C162,82 464384 0.00 
C162,83 515971 0.00 
C162,84 483787 0.00 
C162,85 491689 0.00 
C162,86 545983 0.00 
C162,87 525731 0.00 
C162,88 479153 0.00 
C162,89 464941 0.00 
C162,90 478547 0.00 
C162,91 470786 0.00 
C162,92 503878 0.00 
C162,93 515943 0.00 
C162,94 479741 0.00 
C162,95 509731 0.00 
C162,96 510071 0.00 
C162,97 520410 0.00 
C162,98 485928 0.00 
C162,99 465064 0.00 
C162,100 467767 0.00 
C162,101 499735 0.00 
C162,102 498297 0.00 
C162,103 498967 0.00 
C162,104 510783 0.00 
C162,105 490350 0.00 
C162,106 522787 0.00 
C162,107 483232 0.00 
C162,108 472539 0.00 
C162,109 513737 0.00 
C162,110 462331 0.00 
C162,111 460746 0.00 
C162,112 494999 0.00 
C162,113 449017 0.00 
C162,114 496834 0.00 
C162,115 526133 0.00 
C162,116 524537 0.00 
C162,117 454559 0.00 
C162,118 554798 0.00 
C162,119 487967 0.00 
C162,120 549067 0.00 
C162,121 488683 0.00 
C162,122 515917 0.00 
C162,123 482930 0.00 
C162,124 507961 0.00 
C162,125 485938 0.00 
C162,126 510869 0.00 
C162,127 491522 0.00 
C162,128 509976 0.00 
C162,129 542020 0.00 
C162,130 470589 0.00 
C162,131 495967 0.00 
C162,132 466032 0.00 
C162,133 519985 0.00 
C162,134 510237 0.00 
C162,135 477168 0.00 
C162,136 462664 0.00 
C162,137 480851 0.00 
C162,138 487152 0.00 
C162,139 511172 0.00 
C162,140 485807 0.00 
C162,141 519464 0.00 
C162,142 495670 0.00 
C162,143 550234 0.00 
C162,144 486249 0.00 
C162,145 495352 0.00 
C162,146 446672 0.00 
C162,147 549859 0.00 
C162,148 472702 0.00 
C162,149 539373 0.00 
C162,150 474353 0.00 
C162,151 517369 0.00 
C162,152 486172 0.00 
C162,153 499267 0.00 
C162,154 485059 0.00 
C162,155 503915 0.00 
C162,156 492473 0.00 
C162,157 538586 0.00 
C162,158 528941 0.00 
C162,159 455923 0.00 
C162,160 530819 0.00 
C162,161 521844 0.00 
C162,162 479536 0.00 
C162,163 476890 0.00 
C162,164 488962 0.00 
C162,165 445430 0.00 
C162,166 504264 0.00 
C162,167 496261 0.00 
C162,168 517484 0.00 
C162,169 484723 0.00 
C162,170 484175 0.00 
C162,171 489097 0.00 
C162,172 543462 0.00 
C162,173 476893 0.00 
C162,174 545725 0.00 
C162,175 492013 0.00 
C162,176 477786 0.00 
C162,177 479950 0.00 
C162,178 497657 0.00 
C162,179 520350 0.00 
C162,180 558270 0.00 
C162,181 527857 0.00 
C162,182 533094 0.00 
C162,183 504278 0.00 
C162,184 512829 0.00 
C162,185 495864 0.00 
C162,186 481065 0.00 
C162,187 493500 0.00 
C162,188 510627 0.00 
C162,189 458870 0.00 
C162,190 502849 0.00 
C162,191 461377 0.00 
C162,192 489541 0.00 
C162,193 495630 0.00 
C162,194 511459 0.00 
C162,195 428337 0.00 
C162,196 512561 0.00 
C162,197 534996 0.00 
C162,198 480517 0.00 
C162,199 503120 0.00 
C162,200 487669 0.00 
C163,1 452157 0.00 
C163,2 511804 0.00 
C163,3 496067 0.00 
C163,4 493102 0.00 
C163,5 486632 0.00 
C163,6 464927 0.00 
C163,7 527804 0.00 
C163,8 525926 0.00 
C163,9 486120 0.00 
C163,10 492710 0.00 
C163,11 526885 0.00 
C163,12 507265 0.00 
C163,13 472458 0.00 
C163,14 502285 0.00 
C163,15 541447 0.00 
C163,16 498331 0.00 
C163,17 476177 0.00 
C163,18 518907 0.00 
C163,19 528347 0.00 
C163,20 503592 0.00 
C163,21 472765 0.00 
C163,22 494787 0.00 
C163,23 521505 0.00 
C163,24 541764 0.00 
C163,25 500836 0.00 
C163,26 500650 0.00 
C163,27 509845 0.00 
C163,28 451624 0.00 
C163,29 525266 0.00 
C163,30 522422 0.00 
C163,31 528619 0.00 
C163,32 472058 0.00 
C163,33 512993 0.00 
C163,34 484854 0.00 
C163,35 511372 0.00 
C163,36 479468 0.00 
C163,37 493465 0.00 
C163,38 487040 0.00 
C163,39 491468 0.00 
C163,40 464849 0.00 
C163,41 479799 0.00 
C163,42 463811 0.00 
C163,43 483078 0.00 
C163,44 509306 0.00 
C163,45 489792 0.00 
C163,46 479102 0.00 
C163,47 516816 0.00 
C163,48 466027 0.00 
C163,49 516037 0.00 
C163,50 502333 0.00 
C163,51 493463 0.00 
C163,52 483611 0.00 
C163,53 503668 0.00 
C163,54 545162 0.00 
C163,55 498892 0.00 
C163,56 507974 0.00 
C163,57 458697 0.00 
C163,58 507477 0.00 
C163,59 443003 0.00 
C163,60 414364 0.00 
C163,61 497309 0.00 
C163,62 467189 0.00 
C163,63 513161 0.00 
C163,64 486649 0.00 
C163,65 533203 0.00 
C163,66 521004 0.00 
C163,67 497753 0.00 
C163,68 508892 0.00 
C163,69 474964 0.00 
C163,70 512001 0.00 
C163,71 477226 0.00 
C163,72 492182 0.00 
C163,73 496385 0.00 
C163,74 470631 0.00 
C163,75 466768 0.00 
C163,76 510105 0.00 
C163,77 487302 0.00 
C163,78 519937 0.00 
C163,79 502940 0.00 
C163,80 495943 0.00 
C163,81 504586 0.00 
C163,82 479494 0.00 
C163,83 487771 0.00 
C163,84 444174 0.00 
C163,85 480381 0.00 
C163,86 547389 0.00 
C163,87 520700 0.00 
C163,88 462718 0.00 
C163,89 485382 0.00 
C163,90 483577 0.00 
C163,91 480328 0.00 
C163,92 499941 0.00 
C163,93 501186 0.00 
C163,94 472289 0.00 
C163,95 494288 0.00 
C163,96 509018 0.00 
C163,97 480120 0.00 
C163,98 459842 0.00 
C163,99 461970 0.00 
C163,100 488787 0.00 
C163,101 504402 0.00 
C163,102 475020 0.00 
C163,103 501631 0.00 
C163,104 498592 0.00 
C163,105 477365 0.00 
C163,106 501749 0.00 
C163,107 492023 0.00 
C163,108 493701 0.00 
C163,109 520066 0.00 
C163,110 477141 0.00 
C163,111 457067 0.00 
C163,112 487257 0.00 
C163,113 449239 0.00 
C163,114 486004 0.00 
C163,115 500865 0.00 
C163,116 521215 0.00 
C163,117 488843 0.00 
C163,118 541354 0.00 
C163,119 498787 0.00 
C163,120 539360 0.00 
C163,121 484212 0.00 
C163,122 498095 0.00 
C163,123 516465 0.00 
C163,124 507107 0.00 
C163,125 484301 0.00 
C163,126 480916 0.00 
C163,127 508949 0.00 
C163,128 488655 0.00 
C163,129 549721 0.00 
C163,130 477027 0.00 
C163,131 504224 0.00 
C163,132 476423 0.00 
C163,133 488412 0.00 
C163,134 528108 0.00 
C163,135 478442 0.00 
C163,136 433439 0.00 
C163,137 482742 0.00 
C163,138 482143 0.00 
C163,139 508749 0.00 
C163,140 494334 0.00 
C163,141 499412 0.00 
C163,142 503010 0.00 
C163,143 524242 0.00 
C163,144 492788 0.00 
C163,145 494132 0.00 
C163,146 472753 0.00 
C163,147 530752 0.00 
C163,148 491848 0.00 
C163,149 495802 0.00 
C163,150 484642 0.00 
C163,151 498994 0.00 
C163,152 490795 0.00 
C163,153 502237 0.00 
C163,154 482097 0.00 
C163,155 522709 0.00 
C163,156 472159 0.00 
C163,157 525542 0.00 
C163,158 511912 0.00 
C163,159 467465 0.00 
C163,160 527281 0.00 
C163,161 486613 0.00 
C163,162 507858 0.00 
C163,163 449942 0.00 
C163,164 486313 0.00 
C163,165 438951 0.00 
C163,166 496932 0.00 
C163,167 481373 0.00 
C163,168 502691 0.00 
C163,169 483743 0.00 
C163,170 485769 0.00 
C163,171 460340 0.00 
C163,172 551463 0.00 
C163,173 478268 0.00 
C163,174 539923 0.00 
C163,175 497212 0.00 
C163,176 471172 0.00 
C163,177 488239 0.00 
C163,178 502419 0.00 
C163,179 520478 0.00 
C163,180 544023 0.00 
C163,181 504512 0.00 
C163,182 532321 0.00 
C163,183 521257 0.00 
C163,184 477222 0.00 
C163,185 478032 0.00 
C163,186 496388 0.00 
C163,187 500551 0.00 
C163,188 511321 0.00 
C163,189 440825 0.00 
C163,190 526158 0.00 
C163,191 463537 0.00 
C163,192 478600 0.00 
C163,193 478913 0.00 
C163,194 509204 0.00 
C163,195 447135 0.00 
C163,196 494134 0.00 
C163,197 542126 0.00 
C163,198 468714 0.00 
C163,199 511115 0.00 
C163,200 473638 0.00 
C164,1 517596 0.00 
C164,2 544704 0.00 
C164,3 524681 0.00 
C164,4 547407 0.00 
C164,5 532136 0.00 
C164,6 505234 0.00 
C164,7 571311 0.00 
C164,8 577646 0.00 
C164,9 531018 0.00 
C164,10 559620 0.00 
C164,11 553419 0.00 
C164,12 545600 0.00 
C164,13 548589 0.00 
C164,14 532185 0.00 
C164,15 585391 0.00 
C164,16 533682 0.00 
C164,17 573730 0.00 
C164,18 562908 0.00 
C164,19 562908 0.00 
C164,20 531377 0.00 
C164,21 532739 0.00 
C164,22 557069 0.00 
C164,23 539052 0.00 
C164,24 582181 0.00 
C164,25 547267 0.00 
C164,26 531020 0.00 
C164,27 557508 0.00 
C164,28 511891 0.00 
C164,29 581873 0.00 
C164,30 557320 0.00 
C164,31 590567 0.00 
C164,32 510095 0.00 
C164,33 550642 0.00 
C164,34 538498 0.00 
C164,35 557307 0.00 
C164,36 520380 0.00 
C164,37 545014 0.00 
C164,38 545264 0.00 
C164,39 545076 0.00 
C164,40 523014 0.00 
C164,41 525844 0.00 
C164,42 532703 0.00 
C164,43 549331 0.00 
C164,44 559750 0.00 
C164,45 547560 0.00 
C164,46 565791 0.00 
C164,47 570436 0.00 
C164,48 518012 0.00 
C164,49 567160 0.00 
C164,50 556811 0.00 
C164,51 521581 0.00 
C164,52 555900 0.00 
C164,53 523838 0.00 
C164,54 586725 0.00 
C164,55 540588 0.00 
C164,56 562486 0.00 
C164,57 521189 0.00 
C164,58 575950 0.00 
C164,59 540055 0.00 
C164,60 486590 0.00 
C164,61 549809 0.00 
C164,62 517917 0.00 
C164,63 546375 0.00 
C164,64 543505 0.00 
C164,65 569091 0.00 
C164,66 551319 0.00 
C164,67 546374 0.00 
C164,68 532627 0.00 
C164,69 499418 0.00 
C164,70 558526 0.00 
C164,71 569631 0.00 
C164,72 549410 0.00 
C164,73 551976 0.00 
C164,74 510419 0.00 
C164,75 559542 0.00 
C164,76 555620 0.00 
C164,77 538969 0.00 
C164,78 555920 0.00 
C164,79 525687 0.00 
C164,80 542393 0.00 
C164,81 515792 0.00 
C164,82 548826 0.00 
C164,83 538510 0.00 
C164,84 511265 0.00 
C164,85 522373 0.00 
C164,86 569537 0.00 
C164,87 583464 0.00 
C164,88 498303 0.00 
C164,89 524663 0.00 
C164,90 526824 0.00 
C164,91 513602 0.00 
C164,92 541234 0.00 
C164,93 537080 0.00 
C164,94 519876 0.00 
C164,95 582937 0.00 
C164,96 565715 0.00 
C164,97 569973 0.00 
C164,98 525780 0.00 
C164,99 502295 0.00 
C164,100 531179 0.00 
C164,101 553868 0.00 
C164,102 533464 0.00 
C164,103 548049 0.00 
C164,104 567748 0.00 
C164,105 515447 0.00 
C164,106 551927 0.00 
C164,107 539923 0.00 
C164,108 523256 0.00 
C164,109 578292 0.00 
C164,110 503203 0.00 
C164,111 521144 0.00 
C164,112 554700 0.00 
C164,113 500146 0.00 
C164,114 514846 0.00 
C164,115 566881 0.00 
C164,116 524553 0.00 
C164,117 509671 0.00 
C164,118 598612 0.00 
C164,119 518526 0.00 
C164,120 560090 0.00 
C164,121 542877 0.00 
C164,122 591338 0.00 
C164,123 546526 0.00 
C164,124 534922 0.00 
C164,125 518414 0.00 
C164,126 567257 0.00 
C164,127 544253 0.00 
C164,128 550336 0.00 
C164,129 592656 0.00 
C164,130 519895 0.00 
C164,131 571860 0.00 
C164,132 525613 0.00 
C164,133 555498 0.00 
C164,134 580893 0.00 
C164,135 522569 0.00 
C164,136 479908 0.00 
C164,137 538342 0.00 
C164,138 530726 0.00 
C164,139 563676 0.00 
C164,140 528829 0.00 
C164,141 534041 0.00 
C164,142 526449 0.00 
C164,143 588835 0.00 
C164,144 527041 0.00 
C164,145 524854 0.00 
C164,146 530277 0.00 
C164,147 591825 0.00 
C164,148 501680 0.00 
C164,149 528822 0.00 
C164,150 538789 0.00 
C164,151 581739 0.00 
C164,152 545448 0.00 
C164,153 549151 0.00 
C164,154 529625 0.00 
C164,155 551922 0.00 
C164,156 538693 0.00 
C164,157 587282 0.00 
C164,158 570341 0.00 
C164,159 502787 0.00 
C164,160 590660 0.00 
C164,161 559798 0.00 
C164,162 531108 0.00 
C164,163 545194 0.00 
C164,164 542053 0.00 
C164,165 476188 0.00 
C164,166 526169 0.00 
C164,167 515297 0.00 
C164,168 549418 0.00 
C164,169 525892 0.00 
C164,170 552116 0.00 
C164,171 530709 0.00 
C164,172 572543 0.00 
C164,173 539604 0.00 
C164,174 595821 0.00 
C164,175 536812 0.00 
C164,176 513431 0.00 
C164,177 516136 0.00 
C164,178 570089 0.00 
C164,179 589333 0.00 
C164,180 595958 0.00 
C164,181 582747 0.00 
C164,182 590730 0.00 
C164,183 553435 0.00 
C164,184 545433 0.00 
C164,185 550264 0.00 
C164,186 561822 0.00 
C164,187 550665 0.00 
C164,188 541166 0.00 
C164,189 501537 0.00 
C164,190 553185 0.00 
C164,191 521891 0.00 
C164,192 543084 0.00 
C164,193 538429 0.00 
C164,194 562862 0.00 
C164,195 477756 0.00 
C164,196 550500 0.00 
C164,197 565909 0.00 
C164,198 539285 0.00 
C164,199 526723 0.00 
C164,200 521406 0.00 
C165,1 450383 0.00 
C165,2 513106 0.00 
C165,3 488816 0.00 
C165,4 507828 0.00 
C165,5 467381 0.00 
C165,6 469786 0.00 
C165,7 521752 0.00 
C165,8 518307 0.00 
C165,9 508643 0.00 
C165,10 504780 0.00 
C165,11 500594 0.00 
C165,12 488730 0.00 
C165,13 487498 0.00 
C165,14 481330 0.00 
C165,15 545633 0.00 
C165,16 512521 0.00 
C165,17 492891 0.00 
C165,18 535019 0.00 
C165,19 527841 0.00 
C165,20 484186 0.00 
C165,21 487939 0.00 
C165,22 495135 0.00 
C165,23 505884 0.00 
C165,24 556820 0.00 
C165,25 492761 0.00 
C165,26 498741 0.00 
C165,27 490374 0.00 
C165,28 451220 0.00 
C165,29 547990 0.00 
C165,30 525183 0.00 
C165,31 513849 0.00 
C165,32 478103 0.00 
C165,33 508064 0.00 
C165,34 486856 0.00 
C165,35 502222 0.00 
C165,36 493944 0.00 
C165,37 499209 0.00 
C165,38 484280 0.00 
C165,39 505984 0.00 
C165,40 491267 0.00 
C165,41 482270 0.00 
C165,42 488782 0.00 
C165,43 481520 0.00 
C165,44 515226 0.00 
C165,45 513463 0.00 
C165,46 482778 0.00 
C165,47 498029 0.00 
C165,48 475429 0.00 
C165,49 516249 0.00 
C165,50 489361 0.00 
C165,51 476639 0.00 
C165,52 501380 0.00 
C165,53 492133 0.00 
C165,54 519637 0.00 
C165,55 503800 0.00 
C165,56 496245 0.00 
C165,57 465832 0.00 
C165,58 522164 0.00 
C165,59 477695 0.00 
C165,60 442794 0.00 
C165,61 533930 0.00 
C165,62 466675 0.00 
C165,63 501045 0.00 
C165,64 486726 0.00 
C165,65 526458 0.00 
C165,66 528216 0.00 
C165,67 502889 0.00 
C165,68 517297 0.00 
C165,69 459064 0.00 
C165,70 510364 0.00 
C165,71 490686 0.00 
C165,72 504782 0.00 
C165,73 512668 0.00 
C165,74 477570 0.00 
C165,75 492274 0.00 
C165,76 486633 0.00 
C165,77 472780 0.00 
C165,78 512608 0.00 
C165,79 480203 0.00 
C165,80 469685 0.00 
C165,81 483092 0.00 
C165,82 463400 0.00 
C165,83 485101 0.00 
C165,84 463905 0.00 
C165,85 480403 0.00 
C165,86 537114 0.00 
C165,87 538380 0.00 
C165,88 456182 0.00 
C165,89 457815 0.00 
C165,90 501684 0.00 
C165,91 486427 0.00 
C165,92 496472 0.00 
C165,93 511255 0.00 
C165,94 462371 0.00 
C165,95 506594 0.00 
C165,96 494107 0.00 
C165,97 493923 0.00 
C165,98 466948 0.00 
C165,99 422050 0.00 
C165,100 493982 0.00 
C165,101 517145 0.00 
C165,102 487403 0.00 
C165,103 499791 0.00 
C165,104 510841 0.00 
C165,105 477739 0.00 
C165,106 511633 0.00 
C165,107 490171 0.00 
C165,108 472954 0.00 
C165,109 526308 0.00 
C165,110 436531 0.00 
C165,111 454902 0.00 
C165,112 503785 0.00 
C165,113 448968 0.00 
C165,114 498202 0.00 
C165,115 485590 0.00 
C165,116 505317 0.00 
C165,117 460074 0.00 
C165,118 535826 0.00 
C165,119 513850 0.00 
C165,120 532252 0.00 
C165,121 503219 0.00 
C165,122 514215 0.00 
C165,123 497842 0.00 
C165,124 505784 0.00 
C165,125 500704 0.00 
C165,126 492057 0.00 
C165,127 506072 0.00 
C165,128 507911 0.00 
C165,129 539540 0.00 
C165,130 502584 0.00 
C165,131 490791 0.00 
C165,132 475574 0.00 
C165,133 490180 0.00 
C165,134 503437 0.00 
C165,135 467856 0.00 
C165,136 457266 0.00 
C165,137 459926 0.00 
C165,138 487907 0.00 
C165,139 497008 0.00 
C165,140 479301 0.00 
C165,141 500454 0.00 
C165,142 494056 0.00 
C165,143 524368 0.00 
C165,144 487125 0.00 
C165,145 482842 0.00 
C165,146 466807 0.00 
C165,147 541843 0.00 
C165,148 489188 0.00 
C165,149 502764 0.00 
C165,150 471723 0.00 
C165,151 492721 0.00 
C165,152 488455 0.00 
C165,153 496275 0.00 
C165,154 466564 0.00 
C165,155 503365 0.00 
C165,156 475727 0.00 
C165,157 543100 0.00 
C165,158 499778 0.00 
C165,159 464383 0.00 
C165,160 528992 0.00 
C165,161 505676 0.00 
C165,162 473401 0.00 
C165,163 511425 0.00 
C165,164 499021 0.00 
C165,165 451882 0.00 
C165,166 501445 0.00 
C165,167 483241 0.00 
C165,168 480650 0.00 
C165,169 486224 0.00 
C165,170 495832 0.00 
C165,171 487768 0.00 
C165,172 531852 0.00 
C165,173 483330 0.00 
C165,174 531447 0.00 
C165,175 471376 0.00 
C165,176 483815 0.00 
C165,177 495245 0.00 
C165,178 505289 0.00 
C165,179 522726 0.00 
C165,180 561917 0.00 
C165,181 521463 0.00 
C165,182 541039 0.00 
C165,183 511473 0.00 
C165,184 496664 0.00 
C165,185 506071 0.00 
C165,186 499299 0.00 
C165,187 497246 0.00 
C165,188 479896 0.00 
C165,189 457846 0.00 
C165,190 509428 0.00 
C165,191 457873 0.00 
C165,192 496855 0.00 
C165,193 481879 0.00 
C165,194 495893 0.00 
C165,195 446098 0.00 
C165,196 497475 0.00 
C165,197 527399 0.00 
C165,198 474740 0.00 
C165,199 522149 0.00 
C165,200 492127 0.00 
C166,1 458615 0.00 
C166,2 497418 0.00 
C166,3 462163 0.00 
C166,4 474200 0.00 
C166,5 454892 0.00 
C166,6 451289 0.00 
C166,7 495706 0.00 
C166,8 490884 0.00 
C166,9 465596 0.00 
C166,10 492177 0.00 
C166,11 496057 0.00 
C166,12 500322 0.00 
C166,13 492604 0.00 
C166,14 507319 0.00 
C166,15 535883 0.00 
C166,16 497402 0.00 
C166,17 478199 0.00 
C166,18 495424 0.00 
C166,19 512658 0.00 
C166,20 477023 0.00 
C166,21 464934 0.00 
C166,22 496021 0.00 
C166,23 458749 0.00 
C166,24 509864 0.00 
C166,25 474898 0.00 
C166,26 478503 0.00 
C166,27 505699 0.00 
C166,28 459331 0.00 
C166,29 527101 0.00 
C166,30 500745 0.00 
C166,31 507320 0.00 
C166,32 443667 0.00 
C166,33 476003 0.00 
C166,34 474170 0.00 
C166,35 481352 0.00 
C166,36 447606 0.00 
C166,37 457166 0.00 
C166,38 482413 0.00 
C166,39 503078 0.00 
C166,40 472985 0.00 
C166,41 456649 0.00 
C166,42 479161 0.00 
C166,43 469866 0.00 
C166,44 509479 0.00 
C166,45 505183 0.00 
C166,46 484037 0.00 
C166,47 500988 0.00 
C166,48 455840 0.00 
C166,49 488868 0.00 
C166,50 477502 0.00 
C166,51 444823 0.00 
C166,52 486079 0.00 
C166,53 464108 0.00 
C166,54 493855 0.00 
C166,55 515947 0.00 
C166,56 483882 0.00 
C166,57 448766 0.00 
C166,58 516455 0.00 
C166,59 454102 0.00 
C166,60 439071 0.00 
C166,61 513345 0.00 
C166,62 481598 0.00 
C166,63 473950 0.00 
C166,64 495810 0.00 
C166,65 509780 0.00 
C166,66 477905 0.00 
C166,67 496371 0.00 
C166,68 485817 0.00 
C166,69 468004 0.00 
C166,70 490528 0.00 
C166,71 501236 0.00 
C166,72 489837 0.00 
C166,73 493366 0.00 
C166,74 448305 0.00 
C166,75 456496 0.00 
C166,76 470178 0.00 
C166,77 445222 0.00 
C166,78 495834 0.00 
C166,79 485628 0.00 
C166,80 466819 0.00 
C166,81 457732 0.00 
C166,82 467322 0.00 
C166,83 465617 0.00 
C166,84 470170 0.00 
C166,85 478983 0.00 
C166,86 513052 0.00 
C166,87 532147 0.00 
C166,88 432256 0.00 
C166,89 450370 0.00 
C166,90 458983 0.00 
C166,91 456004 0.00 
C166,92 490470 0.00 
C166,93 488653 0.00 
C166,94 463724 0.00 
C166,95 499671 0.00 
C166,96 479220 0.00 
C166,97 462855 0.00 
C166,98 460343 0.00 
C166,99 442395 0.00 
C166,100 467916 0.00 
C166,101 508768 0.00 
C166,102 481039 0.00 
C166,103 491165 0.00 
C166,104 471872 0.00 
C166,105 447715 0.00 
C166,106 492667 0.00 
C166,107 503559 0.00 
C166,108 460725 0.00 
C166,109 522674 0.00 
C166,110 438855 0.00 
C166,111 455101 0.00 
C166,112 468088 0.00 
C166,113 450896 0.00 
C166,114 455191 0.00 
C166,115 487541 0.00 
C166,116 484042 0.00 
C166,117 443825 0.00 
C166,118 535693 0.00 
C166,119 463100 0.00 
C166,120 493133 0.00 
C166,121 472668 0.00 
C166,122 512735 0.00 
C166,123 492070 0.00 
C166,124 481216 0.00 
C166,125 497733 0.00 
C166,126 506177 0.00 
C166,127 490908 0.00 
C166,128 480243 0.00 
C166,129 518118 0.00 
C166,130 494022 0.00 
C166,131 469103 0.00 
C166,132 458956 0.00 
C166,133 478952 0.00 
C166,134 485808 0.00 
C166,135 466293 0.00 
C166,136 425736 0.00 
C166,137 471612 0.00 
C166,138 458377 0.00 
C166,139 479800 0.00 
C166,140 469072 0.00 
C166,141 472420 0.00 
C166,142 469434 0.00 
C166,143 502192 0.00 
C166,144 461121 0.00 
C166,145 470494 0.00 
C166,146 483203 0.00 
C166,147 511816 0.00 
C166,148 476287 0.00 
C166,149 507520 0.00 
C166,150 464624 0.00 
C166,151 493958 0.00 
C166,152 477774 0.00 
C166,153 488828 0.00 
C166,154 461177 0.00 
C166,155 499699 0.00 
C166,156 446532 0.00 
C166,157 523753 0.00 
C166,158 506782 0.00 
C166,159 451468 0.00 
C166,160 501306 0.00 
C166,161 459743 0.00 
C166,162 480775 0.00 
C166,163 465630 0.00 
C166,164 489343 0.00 
C166,165 447893 0.00 
C166,166 468306 0.00 
C166,167 479555 0.00 
C166,168 471678 0.00 
C166,169 466641 0.00 
C166,170 472169 0.00 
C166,171 461004 0.00 
C166,172 512062 0.00 
C166,173 465924 0.00 
C166,174 507359 0.00 
C166,175 458939 0.00 
C166,176 448603 0.00 
C166,177 497958 0.00 
C166,178 487826 0.00 
C166,179 490743 0.00 
C166,180 544060 0.00 
C166,181 502418 0.00 
C166,182 505833 0.00 
C166,183 490082 0.00 
C166,184 485035 0.00 
C166,185 484374 0.00 
C166,186 484367 0.00 
C166,187 473083 0.00 
C166,188 494995 0.00 
C166,189 454975 0.00 
C166,190 483915 0.00 
C166,191 460961 0.00 
C166,192 490875 0.00 
C166,193 486196 0.00 
C166,194 461102 0.00 
C166,195 421439 0.00 
C166,196 518491 0.00 
C166,197 476972 0.00 
C166,198 480239 0.00 
C166,199 472918 0.00 
C166,200 464110 0.00 
C167,1 462193 0.00 
C167,2 507963 0.00 
C167,3 477165 0.00 
C167,4 498554 0.00 
C167,5 479307 0.00 
C167,6 461480 0.00 
C167,7 503141 0.00 
C167,8 506020 0.00 
C167,9 467183 0.00 
C167,10 487512 0.00 
C167,11 477405 0.00 
C167,12 466007 0.00 
C167,13 459234 0.00 
C167,14 482974 0.00 
C167,15 547523 0.00 
C167,16 511747 0.00 
C167,17 485061 0.00 
C167,18 505959 0.00 
C167,19 534880 0.00 
C167,20 482195 0.00 
C167,21 477341 0.00 
C167,22 489646 0.00 
C167,23 502181 0.00 
C167,24 525537 0.00 
C167,25 483421 0.00 
C167,26 495517 0.00 
C167,27 492344 0.00 
C167,28 452335 0.00 
C167,29 539139 0.00 
C167,30 487084 0.00 
C167,31 523196 0.00 
C167,32 454746 0.00 
C167,33 489923 0.00 
C167,34 460223 0.00 
C167,35 508305 0.00 
C167,36 457314 0.00 
C167,37 470484 0.00 
C167,38 486520 0.00 
C167,39 459741 0.00 
C167,40 488661 0.00 
C167,41 464653 0.00 
C167,42 473641 0.00 
C167,43 484203 0.00 
C167,44 487845 0.00 
C167,45 497516 0.00 
C167,46 474103 0.00 
C167,47 475051 0.00 
C167,48 470559 0.00 
C167,49 500082 0.00 
C167,50 486528 0.00 
C167,51 474377 0.00 
C167,52 503484 0.00 
C167,53 478194 0.00 
C167,54 521663 0.00 
C167,55 485981 0.00 
C167,56 494603 0.00 
C167,57 477720 0.00 
C167,58 488071 0.00 
C167,59 443342 0.00 
C167,60 420500 0.00 
C167,61 513543 0.00 
C167,62 449232 0.00 
C167,63 504906 0.00 
C167,64 505749 0.00 
C167,65 509641 0.00 
C167,66 508196 0.00 
C167,67 473101 0.00 
C167,68 465064 0.00 
C167,69 444616 0.00 
C167,70 511094 0.00 
C167,71 474397 0.00 
C167,72 491830 0.00 
C167,73 461835 0.00 
C167,74 463136 0.00 
C167,75 465796 0.00 
C167,76 477712 0.00 
C167,77 479761 0.00 
C167,78 488302 0.00 
C167,79 510739 0.00 
C167,80 465446 0.00 
C167,81 475138 0.00 
C167,82 464274 0.00 
C167,83 462255 0.00 
C167,84 437242 0.00 
C167,85 474460 0.00 
C167,86 517887 0.00 
C167,87 521826 0.00 
C167,88 438052 0.00 
C167,89 462261 0.00 
C167,90 481313 0.00 
C167,91 484399 0.00 
C167,92 491686 0.00 
C167,93 487735 0.00 
C167,94 449942 0.00 
C167,95 486653 0.00 
C167,96 522333 0.00 
C167,97 471219 0.00 
C167,98 468932 0.00 
C167,99 458015 0.00 
C167,100 496292 0.00 
C167,101 494746 0.00 
C167,102 501353 0.00 
C167,103 492907 0.00 
C167,104 478207 0.00 
C167,105 461637 0.00 
C167,106 507849 0.00 
C167,107 480686 0.00 
C167,108 468289 0.00 
C167,109 518532 0.00 
C167,110 447064 0.00 
C167,111 468294 0.00 
C167,112 488830 0.00 
C167,113 457391 0.00 
C167,114 479374 0.00 
C167,115 492807 0.00 
C167,116 486306 0.00 
C167,117 464758 0.00 
C167,118 534561 0.00 
C167,119 467650 0.00 
C167,120 506713 0.00 
C167,121 481921 0.00 
C167,122 524126 0.00 
C167,123 507960 0.00 
C167,124 506974 0.00 
C167,125 497662 0.00 
C167,126 496790 0.00 
C167,127 489218 0.00 
C167,128 484746 0.00 
C167,129 543562 0.00 
C167,130 492751 0.00 
C167,131 487563 0.00 
C167,132 464394 0.00 
C167,133 494481 0.00 
C167,134 468231 0.00 
C167,135 476401 0.00 
C167,136 421127 0.00 
C167,137 490269 0.00 
C167,138 475602 0.00 
C167,139 485331 0.00 
C167,140 460180 0.00 
C167,141 491717 0.00 
C167,142 460228 0.00 
C167,143 501907 0.00 
C167,144 459588 0.00 
C167,145 487669 0.00 
C167,146 469183 0.00 
C167,147 538148 0.00 
C167,148 478015 0.00 
C167,149 477246 0.00 
C167,150 476522 0.00 
C167,151 511927 0.00 
C167,152 482880 0.00 
C167,153 509978 0.00 
C167,154 470384 0.00 
C167,155 495206 0.00 
C167,156 473807 0.00 
C167,157 531959 0.00 
C167,158 516397 0.00 
C167,159 449566 0.00 
C167,160 528995 0.00 
C167,161 499134 0.00 
C167,162 461749 0.00 
C167,163 462734 0.00 
C167,164 490523 0.00 
C167,165 441716 0.00 
C167,166 483235 0.00 
C167,167 473720 0.00 
C167,168 505577 0.00 
C167,169 468312 0.00 
C167,170 481288 0.00 
C167,171 462457 0.00 
C167,172 529211 0.00 
C167,173 476231 0.00 
C167,174 526435 0.00 
C167,175 476176 0.00 
C167,176 477342 0.00 
C167,177 481700 0.00 
C167,178 487958 0.00 
C167,179 498144 0.00 
C167,180 560313 0.00 
C167,181 509660 0.00 
C167,182 510262 0.00 
C167,183 498676 0.00 
C167,184 496146 0.00 
C167,185 491250 0.00 
C167,186 504499 0.00 
C167,187 492242 0.00 
C167,188 487312 0.00 
C167,189 444365 0.00 
C167,190 462877 0.00 
C167,191 451735 0.00 
C167,192 486586 0.00 
C167,193 469347 0.00 
C167,194 490545 0.00 
C167,195 438780 0.00 
C167,196 495613 0.00 
C167,197 515532 0.00 
C167,198 475396 0.00 
C167,199 483595 0.00 
C167,200 450224 0.00 
C168,1 468965 0.00 
C168,2 473984 0.00 
C168,3 455827 0.00 
C168,4 491065 0.00 
C168,5 461663 0.00 
C168,6 438567 0.00 
C168,7 483798 0.00 
C168,8 491929 0.00 
C168,9 485052 0.00 
C168,10 491040 0.00 
C168,11 490635 0.00 
C168,12 482964 0.00 
C168,13 469978 0.00 
C168,14 501070 0.00 
C168,15 525026 0.00 
C168,16 493870 0.00 
C168,17 486979 0.00 
C168,18 502330 0.00 
C168,19 520316 0.00 
C168,20 467534 0.00 
C168,21 459275 0.00 
C168,22 477250 0.00 
C168,23 491376 0.00 
C168,24 531875 0.00 
C168,25 481985 0.00 
C168,26 487175 0.00 
C168,27 486437 0.00 
C168,28 442642 0.00 
C168,29 537667 0.00 
C168,30 505442 0.00 
C168,31 509981 0.00 
C168,32 463373 0.00 
C168,33 487377 0.00 
C168,34 485161 0.00 
C168,35 497013 0.00 
C168,36 474104 0.00 
C168,37 479248 0.00 
C168,38 469364 0.00 
C168,39 484522 0.00 
C168,40 466738 0.00 
C168,41 483503 0.00 
C168,42 488347 0.00 
C168,43 491728 0.00 
C168,44 482391 0.00 
C168,45 493560 0.00 
C168,46 471757 0.00 
C168,47 507743 0.00 
C168,48 476453 0.00 
C168,49 490246 0.00 
C168,50 487445 0.00 
C168,51 473971 0.00 
C168,52 491688 0.00 
C168,53 474425 0.00 
C168,54 494535 0.00 
C168,55 486398 0.00 
C168,56 488562 0.00 
C168,57 486326 0.00 
C168,58 508276 0.00 
C168,59 453575 0.00 
C168,60 413193 0.00 
C168,61 515746 0.00 
C168,62 454584 0.00 
C168,63 500761 0.00 
C168,64 479309 0.00 
C168,65 512973 0.00 
C168,66 492385 0.00 
C168,67 487551 0.00 
C168,68 463377 0.00 
C168,69 463613 0.00 
C168,70 501742 0.00 
C168,71 471660 0.00 
C168,72 499358 0.00 
C168,73 478301 0.00 
C168,74 463502 0.00 
C168,75 465748 0.00 
C168,76 493041 0.00 
C168,77 460419 0.00 
C168,78 510467 0.00 
C168,79 486491 0.00 
C168,80 460294 0.00 
C168,81 475794 0.00 
C168,82 462725 0.00 
C168,83 490553 0.00 
C168,84 473113 0.00 
C168,85 475335 0.00 
C168,86 521533 0.00 
C168,87 524034 0.00 
C168,88 429627 0.00 
C168,89 447770 0.00 
C168,90 471644 0.00 
C168,91 463850 0.00 
C168,92 480780 0.00 
C168,93 497319 0.00 
C168,94 471107 0.00 
C168,95 483978 0.00 
C168,96 488769 0.00 
C168,97 493516 0.00 
C168,98 461274 0.00 
C168,99 437656 0.00 
C168,100 458759 0.00 
C168,101 481472 0.00 
C168,102 490574 0.00 
C168,103 487860 0.00 
C168,104 453333 0.00 
C168,105 475809 0.00 
C168,106 493574 0.00 
C168,107 451504 0.00 
C168,108 486089 0.00 
C168,109 507376 0.00 
C168,110 485405 0.00 
C168,111 478138 0.00 
C168,112 477197 0.00 
C168,113 438067 0.00 
C168,114 479232 0.00 
C168,115 489732 0.00 
C168,116 472948 0.00 
C168,117 454264 0.00 
C168,118 531683 0.00 
C168,119 471833 0.00 
C168,120 503895 0.00 
C168,121 479233 0.00 
C168,122 490514 0.00 
C168,123 485605 0.00 
C168,124 478265 0.00 
C168,125 462008 0.00 
C168,126 497354 0.00 
C168,127 490784 0.00 
C168,128 484638 0.00 
C168,129 521268 0.00 
C168,130 469456 0.00 
C168,131 490820 0.00 
C168,132 465079 0.00 
C168,133 474606 0.00 
C168,134 484326 0.00 
C168,135 457489 0.00 
C168,136 416078 0.00 
C168,137 496667 0.00 
C168,138 475998 0.00 
C168,139 473584 0.00 
C168,140 466501 0.00 
C168,141 501408 0.00 
C168,142 463016 0.00 
C168,143 523562 0.00 
C168,144 466853 0.00 
C168,145 500199 0.00 
C168,146 468815 0.00 
C168,147 523204 0.00 
C168,148 455064 0.00 
C168,149 496724 0.00 
C168,150 477858 0.00 
C168,151 489414 0.00 
C168,152 463564 0.00 
C168,153 503264 0.00 
C168,154 466790 0.00 
C168,155 502519 0.00 
C168,156 489879 0.00 
C168,157 526296 0.00 
C168,158 484227 0.00 
C168,159 447435 0.00 
C168,160 509404 0.00 
C168,161 501071 0.00 
C168,162 449498 0.00 
C168,163 483876 0.00 
C168,164 491083 0.00 
C168,165 445303 0.00 
C168,166 491862 0.00 
C168,167 485621 0.00 
C168,168 490572 0.00 
C168,169 475178 0.00 
C168,170 469849 0.00 
C168,171 463353 0.00 
C168,172 530809 0.00 
C168,173 489873 0.00 
C168,174 519475 0.00 
C168,175 474758 0.00 
C168,176 460980 0.00 
C168,177 452840 0.00 
C168,178 490210 0.00 
C168,179 507274 0.00 
C168,180 548547 0.00 
C168,181 497259 0.00 
C168,182 496233 0.00 
C168,183 486212 0.00 
C168,184 500211 0.00 
C168,185 473468 0.00 
C168,186 467144 0.00 
C168,187 499924 0.00 
C168,188 496837 0.00 
C168,189 458677 0.00 
C168,190 476517 0.00 
C168,191 453812 0.00 
C168,192 471267 0.00 
C168,193 461712 0.00 
C168,194 499280 0.00 
C168,195 408896 0.00 
C168,196 480453 0.00 
C168,197 502453 0.00 
C168,198 465843 0.00 
C168,199 493931 0.00 
C168,200 458770 0.00 
C169,1 463038 0.00 
C169,2 516763 0.00 
C169,3 504099 0.00 
C169,4 503559 0.00 
C169,5 472469 0.00 
C169,6 446845 0.00 
C169,7 517163 0.00 
C169,8 502511 0.00 
C169,9 475960 0.00 
C169,10 520326 0.00 
C169,11 496167 0.00 
C169,12 503351 0.00 
C169,13 469763 0.00 
C169,14 482736 0.00 
C169,15 529462 0.00 
C169,16 500986 0.00 
C169,17 489267 0.00 
C169,18 508989 0.00 
C169,19 536974 0.00 
C169,20 495918 0.00 
C169,21 473566 0.00 
C169,22 510912 0.00 
C169,23 504415 0.00 
C169,24 528101 0.00 
C169,25 491148 0.00 
C169,26 497796 0.00 
C169,27 514188 0.00 
C169,28 454681 0.00 
C169,29 536116 0.00 
C169,30 524045 0.00 
C169,31 523667 0.00 
C169,32 473196 0.00 
C169,33 508510 0.00 
C169,34 476383 0.00 
C169,35 492067 0.00 
C169,36 490204 0.00 
C169,37 512492 0.00 
C169,38 498142 0.00 
C169,39 505198 0.00 
C169,40 486476 0.00 
C169,41 479374 0.00 
C169,42 481364 0.00 
C169,43 483775 0.00 
C169,44 493724 0.00 
C169,45 497657 0.00 
C169,46 477331 0.00 
C169,47 522817 0.00 
C169,48 465731 0.00 
C169,49 520567 0.00 
C169,50 490331 0.00 
C169,51 493777 0.00 
C169,52 497581 0.00 
C169,53 492718 0.00 
C169,54 535292 0.00 
C169,55 482186 0.00 
C169,56 504013 0.00 
C169,57 490596 0.00 
C169,58 526129 0.00 
C169,59 481625 0.00 
C169,60 432868 0.00 
C169,61 494675 0.00 
C169,62 463775 0.00 
C169,63 514801 0.00 
C169,64 504299 0.00 
C169,65 532695 0.00 
C169,66 509106 0.00 
C169,67 494679 0.00 
C169,68 486636 0.00 
C169,69 453184 0.00 
C169,70 522234 0.00 
C169,71 505891 0.00 
C169,72 504979 0.00 
C169,73 510811 0.00 
C169,74 464692 0.00 
C169,75 476821 0.00 
C169,76 503979 0.00 
C169,77 490741 0.00 
C169,78 511996 0.00 
C169,79 505013 0.00 
C169,80 471853 0.00 
C169,81 490038 0.00 
C169,82 489954 0.00 
C169,83 494698 0.00 
C169,84 479696 0.00 
C169,85 478023 0.00 
C169,86 521953 0.00 
C169,87 543537 0.00 
C169,88 479573 0.00 
C169,89 467419 0.00 
C169,90 489804 0.00 
C169,91 492928 0.00 
C169,92 490896 0.00 
C169,93 499714 0.00 
C169,94 471872 0.00 
C169,95 495522 0.00 
C169,96 496539 0.00 
C169,97 506317 0.00 
C169,98 458350 0.00 
C169,99 442685 0.00 
C169,100 472487 0.00 
C169,101 507733 0.00 
C169,102 503305 0.00 
C169,103 499824 0.00 
C169,104 493589 0.00 
C169,105 493324 0.00 
C169,106 504682 0.00 
C169,107 471457 0.00 
C169,108 492593 0.00 
C169,109 506638 0.00 
C169,110 459267 0.00 
C169,111 459477 0.00 
C169,112 500666 0.00 
C169,113 458126 0.00 
C169,114 490727 0.00 
C169,115 524309 0.00 
C169,116 517054 0.00 
C169,117 476888 0.00 
C169,118 552735 0.00 
C169,119 503428 0.00 
C169,120 523763 0.00 
C169,121 507146 0.00 
C169,122 539500 0.00 
C169,123 484637 0.00 
C169,124 492990 0.00 
C169,125 500719 0.00 
C169,126 499495 0.00 
C169,127 493982 0.00 
C169,128 503403 0.00 
C169,129 536041 0.00 
C169,130 474142 0.00 
C169,131 480673 0.00 
C169,132 481937 0.00 
C169,133 493815 0.00 
C169,134 531748 0.00 
C169,135 464144 0.00 
C169,136 432694 0.00 
C169,137 478716 0.00 
C169,138 480726 0.00 
C169,139 520234 0.00 
C169,140 466299 0.00 
C169,141 519556 0.00 
C169,142 487938 0.00 
C169,143 516700 0.00 
C169,144 475802 0.00 
C169,145 490590 0.00 
C169,146 463378 0.00 
C169,147 540009 0.00 
C169,148 481986 0.00 
C169,149 485198 0.00 
C169,150 475740 0.00 
C169,151 534917 0.00 
C169,152 505919 0.00 
C169,153 536836 0.00 
C169,154 479327 0.00 
C169,155 502994 0.00 
C169,156 487892 0.00 
C169,157 539684 0.00 
C169,158 512091 0.00 
C169,159 466345 0.00 
C169,160 531612 0.00 
C169,161 504435 0.00 
C169,162 504098 0.00 
C169,163 472811 0.00 
C169,164 494357 0.00 
C169,165 436877 0.00 
C169,166 502746 0.00 
C169,167 488218 0.00 
C169,168 539827 0.00 
C169,169 494481 0.00 
C169,170 495154 0.00 
C169,171 473513 0.00 
C169,172 531299 0.00 
C169,173 477426 0.00 
C169,174 548335 0.00 
C169,175 481966 0.00 
C169,176 476396 0.00 
C169,177 466349 0.00 
C169,178 517240 0.00 
C169,179 513960 0.00 
C169,180 551290 0.00 
C169,181 506311 0.00 
C169,182 513941 0.00 
C169,183 513968 0.00 
C169,184 485530 0.00 
C169,185 497955 0.00 
C169,186 504833 0.00 
C169,187 517040 0.00 
C169,188 524220 0.00 
C169,189 479683 0.00 
C169,190 509825 0.00 
C169,191 453332 0.00 
C169,192 475221 0.00 
C169,193 472988 0.00 
C169,194 519316 0.00 
C169,195 417506 0.00 
C169,196 504820 0.00 
C169,197 519656 0.00 
C169,198 461277 0.00 
C169,199 530615 0.00 
C169,200 483385 0.00 
C170,1 452604 0.00 
C170,2 512914 0.00 
C170,3 487342 0.00 
C170,4 478152 0.00 
C170,5 479883 0.00 
C170,6 454322 0.00 
C170,7 509798 0.00 
C170,8 500947 0.00 
C170,9 476577 0.00 
C170,10 507813 0.00 
C170,11 505803 0.00 
C170,12 494795 0.00 
C170,13 476832 0.00 
C170,14 479641 0.00 
C170,15 535922 0.00 
C170,16 501535 0.00 
C170,17 483161 0.00 
C170,18 511040 0.00 
C170,19 515703 0.00 
C170,20 476338 0.00 
C170,21 465013 0.00 
C170,22 490886 0.00 
C170,23 497558 0.00 
C170,24 513087 0.00 
C170,25 478711 0.00 
C170,26 499782 0.00 
C170,27 487641 0.00 
C170,28 455073 0.00 
C170,29 552300 0.00 
C170,30 503573 0.00 
C170,31 545474 0.00 
C170,32 445126 0.00 
C170,33 501045 0.00 
C170,34 492110 0.00 
C170,35 508937 0.00 
C170,36 476080 0.00 
C170,37 492637 0.00 
C170,38 474118 0.00 
C170,39 497836 0.00 
C170,40 481419 0.00 
C170,41 458344 0.00 
C170,42 464130 0.00 
C170,43 488161 0.00 
C170,44 496567 0.00 
C170,45 505856 0.00 
C170,46 484739 0.00 
C170,47 492589 0.00 
C170,48 485462 0.00 
C170,49 506442 0.00 
C170,50 487691 0.00 
C170,51 465648 0.00 
C170,52 484307 0.00 
C170,53 469101 0.00 
C170,54 518383 0.00 
C170,55 518847 0.00 
C170,56 483237 0.00 
C170,57 457511 0.00 
C170,58 510029 0.00 
C170,59 457421 0.00 
C170,60 435221 0.00 
C170,61 519224 0.00 
C170,62 468565 0.00 
C170,63 474117 0.00 
C170,64 468235 0.00 
C170,65 512228 0.00 
C170,66 487373 0.00 
C170,67 508635 0.00 
C170,68 495050 0.00 
C170,69 447932 0.00 
C170,70 521618 0.00 
C170,71 482785 0.00 
C170,72 479005 0.00 
C170,73 481769 0.00 
C170,74 454125 0.00 
C170,75 486970 0.00 
C170,76 488921 0.00 
C170,77 452250 0.00 
C170,78 502962 0.00 
C170,79 491661 0.00 
C170,80 471558 0.00 
C170,81 490913 0.00 
C170,82 458862 0.00 
C170,83 463356 0.00 
C170,84 471032 0.00 
C170,85 465696 0.00 
C170,86 520667 0.00 
C170,87 536175 0.00 
C170,88 448913 0.00 
C170,89 465189 0.00 
C170,90 487921 0.00 
C170,91 460779 0.00 
C170,92 489253 0.00 
C170,93 515864 0.00 
C170,94 476357 0.00 
C170,95 523471 0.00 
C170,96 495466 0.00 
C170,97 500182 0.00 
C170,98 470543 0.00 
C170,99 442597 0.00 
C170,100 477576 0.00 
C170,101 484361 0.00 
C170,102 480228 0.00 
C170,103 480196 0.00 
C170,104 483037 0.00 
C170,105 476365 0.00 
C170,106 522430 0.00 
C170,107 498444 0.00 
C170,108 503440 0.00 
C170,109 534597 0.00 
C170,110 463997 0.00 
C170,111 460973 0.00 
C170,112 476952 0.00 
C170,113 465877 0.00 
C170,114 469005 0.00 
C170,115 507071 0.00 
C170,116 499846 0.00 
C170,117 480476 0.00 
C170,118 525463 0.00 
C170,119 491376 0.00 
C170,120 508427 0.00 
C170,121 503659 0.00 
C170,122 514152 0.00 
C170,123 512245 0.00 
C170,124 505931 0.00 
C170,125 467976 0.00 
C170,126 485571 0.00 
C170,127 507349 0.00 
C170,128 509923 0.00 
C170,129 527386 0.00 
C170,130 473248 0.00 
C170,131 503957 0.00 
C170,132 449404 0.00 
C170,133 488758 0.00 
C170,134 493259 0.00 
C170,135 487786 0.00 
C170,136 454108 0.00 
C170,137 446097 0.00 
C170,138 483109 0.00 
C170,139 496285 0.00 
C170,140 470518 0.00 
C170,141 496866 0.00 
C170,142 487867 0.00 
C170,143 534089 0.00 
C170,144 491918 0.00 
C170,145 483689 0.00 
C170,146 479882 0.00 
C170,147 526824 0.00 
C170,148 470582 0.00 
C170,149 483273 0.00 
C170,150 471139 0.00 
C170,151 492517 0.00 
C170,152 502035 0.00 
C170,153 509940 0.00 
C170,154 485134 0.00 
C170,155 523662 0.00 
C170,156 482825 0.00 
C170,157 551889 0.00 
C170,158 509019 0.00 
C170,159 446425 0.00 
C170,160 495689 0.00 
C170,161 505838 0.00 
C170,162 484158 0.00 
C170,163 486117 0.00 
C170,164 480220 0.00 
C170,165 451248 0.00 
C170,166 473991 0.00 
C170,167 467729 0.00 
C170,168 491249 0.00 
C170,169 463358 0.00 
C170,170 482199 0.00 
C170,171 481537 0.00 
C170,172 530038 0.00 
C170,173 477313 0.00 
C170,174 534094 0.00 
C170,175 469394 0.00 
C170,176 473579 0.00 
C170,177 486408 0.00 
C170,178 509977 0.00 
C170,179 507491 0.00 
C170,180 543237 0.00 
C170,181 523725 0.00 
C170,182 531806 0.00 
C170,183 508593 0.00 
C170,184 480152 0.00 
C170,185 501078 0.00 
C170,186 473389 0.00 
C170,187 502087 0.00 
C170,188 502132 0.00 
C170,189 455113 0.00 
C170,190 504635 0.00 
C170,191 464158 0.00 
C170,192 484836 0.00 
C170,193 489457 0.00 
C170,194 489050 0.00 
C170,195 416966 0.00 
C170,196 474768 0.00 
C170,197 508513 0.00 
C170,198 448496 0.00 
C170,199 479966 0.00 
C170,200 483102 0.00 
C171,1 470669 0.00 
C171,2 493040 0.00 
C171,3 467718 0.00 
C171,4 509910 0.00 
C171,5 464176 0.00 
C171,6 451117 0.00 
C171,7 512385 0.00 
C171,8 515706 0.00 
C171,9 488773 0.00 
C171,10 501225 0.00 
C171,11 506232 0.00 
C171,12 521208 0.00 
C171,13 496757 0.00 
C171,14 485592 0.00 
C171,15 548601 0.00 
C171,16 507510 0.00 
C171,17 498466 0.00 
C171,18 554461 0.00 
C171,19 528159 0.00 
C171,20 481326 0.00 
C171,21 492832 0.00 
C171,22 487783 0.00 
C171,23 505791 0.00 
C171,24 542574 0.00 
C171,25 501742 0.00 
C171,26 494149 0.00 
C171,27 500298 0.00 
C171,28 461551 0.00 
C171,29 530773 0.00 
C171,30 520090 0.00 
C171,31 532642 0.00 
C171,32 470268 0.00 
C171,33 511588 0.00 
C171,34 500853 0.00 
C171,35 493247 0.00 
C171,36 477254 0.00 
C171,37 484172 0.00 
C171,38 497479 0.00 
C171,39 506292 0.00 
C171,40 487583 0.00 
C171,41 484005 0.00 
C171,42 482394 0.00 
C171,43 502142 0.00 
C171,44 517748 0.00 
C171,45 531296 0.00 
C171,46 502633 0.00 
C171,47 512375 0.00 
C171,48 447076 0.00 
C171,49 507068 0.00 
C171,50 492305 0.00 
C171,51 451619 0.00 
C171,52 499087 0.00 
C171,53 479464 0.00 
C171,54 535782 0.00 
C171,55 508875 0.00 
C171,56 490469 0.00 
C171,57 462314 0.00 
C171,58 505007 0.00 
C171,59 463764 0.00 
C171,60 442293 0.00 
C171,61 522731 0.00 
C171,62 467306 0.00 
C171,63 497484 0.00 
C171,64 496815 0.00 
C171,65 503238 0.00 
C171,66 521565 0.00 
C171,67 514409 0.00 
C171,68 500152 0.00 
C171,69 464822 0.00 
C171,70 512723 0.00 
C171,71 492459 0.00 
C171,72 497918 0.00 
C171,73 502836 0.00 
C171,74 472045 0.00 
C171,75 483169 0.00 
C171,76 503349 0.00 
C171,77 475050 0.00 
C171,78 524337 0.00 
C171,79 492574 0.00 
C171,80 487135 0.00 
C171,81 502179 0.00 
C171,82 456002 0.00 
C171,83 469167 0.00 
C171,84 477721 0.00 
C171,85 472572 0.00 
C171,86 532725 0.00 
C171,87 520478 0.00 
C171,88 460623 0.00 
C171,89 469089 0.00 
C171,90 490781 0.00 
C171,91 489535 0.00 
C171,92 479596 0.00 
C171,93 511825 0.00 
C171,94 482293 0.00 
C171,95 519154 0.00 
C171,96 530500 0.00 
C171,97 511338 0.00 
C171,98 483138 0.00 
C171,99 437531 0.00 
C171,100 485595 0.00 
C171,101 505732 0.00 
C171,102 497256 0.00 
C171,103 504288 0.00 
C171,104 505015 0.00 
C171,105 480256 0.00 
C171,106 497468 0.00 
C171,107 493412 0.00 
C171,108 485025 0.00 
C171,109 511830 0.00 
C171,110 462147 0.00 
C171,111 496183 0.00 
C171,112 496868 0.00 
C171,113 452661 0.00 
C171,114 476126 0.00 
C171,115 525589 0.00 
C171,116 506104 0.00 
C171,117 436859 0.00 
C171,118 540871 0.00 
C171,119 492051 0.00 
C171,120 527473 0.00 
C171,121 504673 0.00 
C171,122 505927 0.00 
C171,123 521602 0.00 
C171,124 495376 0.00 
C171,125 502603 0.00 
C171,126 492766 0.00 
C171,127 505113 0.00 
C171,128 498174 0.00 
C171,129 547305 0.00 
C171,130 503853 0.00 
C171,131 516122 0.00 
C171,132 465125 0.00 
C171,133 503957 0.00 
C171,134 497451 0.00 
C171,135 489892 0.00 
C171,136 442721 0.00 
C171,137 484331 0.00 
C171,138 487419 0.00 
C171,139 503636 0.00 
C171,140 479008 0.00 
C171,141 534954 0.00 
C171,142 490805 0.00 
C171,143 559644 0.00 
C171,144 484973 0.00 
C171,145 484202 0.00 
C171,146 478661 0.00 
C171,147 536091 0.00 
C171,148 483121 0.00 
C171,149 514234 0.00 
C171,150 500258 0.00 
C171,151 510285 0.00 
C171,152 492967 0.00 
C171,153 512706 0.00 
C171,154 481416 0.00 
C171,155 506001 0.00 
C171,156 486697 0.00 
C171,157 542416 0.00 
C171,158 509371 0.00 
C171,159 460805 0.00 
C171,160 520685 0.00 
C171,161 509591 0.00 
C171,162 491104 0.00 
C171,163 478699 0.00 
C171,164 481788 0.00 
C171,165 461397 0.00 
C171,166 504023 0.00 
C171,167 478046 0.00 
C171,168 506933 0.00 
C171,169 487347 0.00 
C171,170 503782 0.00 
C171,171 472354 0.00 
C171,172 518155 0.00 
C171,173 468120 0.00 
C171,174 530691 0.00 
C171,175 489684 0.00 
C171,176 469580 0.00 
C171,177 473797 0.00 
C171,178 500712 0.00 
C171,179 521252 0.00 
C171,180 549934 0.00 
C171,181 521212 0.00 
C171,182 523266 0.00 
C171,183 487074 0.00 
C171,184 476140 0.00 
C171,185 497665 0.00 
C171,186 492549 0.00 
C171,187 500992 0.00 
C171,188 505830 0.00 
C171,189 455270 0.00 
C171,190 500154 0.00 
C171,191 478146 0.00 
C171,192 493890 0.00 
C171,193 480629 0.00 
C171,194 506835 0.00 
C171,195 452021 0.00 
C171,196 509051 0.00 
C171,197 522371 0.00 
C171,198 474353 0.00 
C171,199 520177 0.00 
C171,200 467109 0.00 
C172,1 462981 0.00 
C172,2 488907 0.00 
C172,3 487961 0.00 
C172,4 484710 0.00 
C172,5 472918 0.00 
C172,6 475676 0.00 
C172,7 526070 0.00 
C172,8 507206 0.00 
C172,9 501561 0.00 
C172,10 509858 0.00 
C172,11 504128 0.00 
C172,12 509761 0.00 
C172,13 464657 0.00 
C172,14 496142 0.00 
C172,15 533192 0.00 
C172,16 509008 0.00 
C172,17 490764 0.00 
C172,18 522447 0.00 
C172,19 561786 0.00 
C172,20 502673 0.00 
C172,21 479715 0.00 
C172,22 498958 0.00 
C172,23 487792 0.00 
C172,24 539392 0.00 
C172,25 514272 0.00 
C172,26 492715 0.00 
C172,27 494350 0.00 
C172,28 469604 0.00 
C172,29 540439 0.00 
C172,30 511119 0.00 
C172,31 531163 0.00 
C172,32 494664 0.00 
C172,33 511260 0.00 
C172,34 484825 0.00 
C172,35 529629 0.00 
C172,36 496008 0.00 
C172,37 507643 0.00 
C172,38 491805 0.00 
C172,39 480729 0.00 
C172,40 500837 0.00 
C172,41 462169 0.00 
C172,42 470768 0.00 
C172,43 515026 0.00 
C172,44 502645 0.00 
C172,45 511401 0.00 
C172,46 490223 0.00 
C172,47 503294 0.00 
C172,48 471844 0.00 
C172,49 491708 0.00 
C172,50 504661 0.00 
C172,51 484026 0.00 
C172,52 490280 0.00 
C172,53 504458 0.00 
C172,54 512382 0.00 
C172,55 509209 0.00 
C172,56 494145 0.00 
C172,57 485670 0.00 
C172,58 530437 0.00 
C172,59 462445 0.00 
C172,60 422179 0.00 
C172,61 539881 0.00 
C172,62 455595 0.00 
C172,63 506846 0.00 
C172,64 496942 0.00 
C172,65 520910 0.00 
C172,66 505916 0.00 
C172,67 497344 0.00 
C172,68 509496 0.00 
C172,69 481751 0.00 
C172,70 505432 0.00 
C172,71 489832 0.00 
C172,72 496249 0.00 
C172,73 487711 0.00 
C172,74 467331 0.00 
C172,75 467867 0.00 
C172,76 496397 0.00 
C172,77 492635 0.00 
C172,78 513359 0.00 
C172,79 499071 0.00 
C172,80 472343 0.00 
C172,81 499715 0.00 
C172,82 465301 0.00 
C172,83 511783 0.00 
C172,84 462976 0.00 
C172,85 475916 0.00 
C172,86 542351 0.00 
C172,87 539049 0.00 
C172,88 459978 0.00 
C172,89 466361 0.00 
C172,90 481235 0.00 
C172,91 493125 0.00 
C172,92 484543 0.00 
C172,93 492994 0.00 
C172,94 481297 0.00 
C172,95 514253 0.00 
C172,96 499248 0.00 
C172,97 503086 0.00 
C172,98 486132 0.00 
C172,99 477805 0.00 
C172,100 485879 0.00 
C172,101 515276 0.00 
C172,102 492932 0.00 
C172,103 471231 0.00 
C172,104 492588 0.00 
C172,105 486491 0.00 
C172,106 527991 0.00 
C172,107 473668 0.00 
C172,108 482335 0.00 
C172,109 529269 0.00 
C172,110 476677 0.00 
C172,111 452262 0.00 
C172,112 504199 0.00 
C172,113 478387 0.00 
C172,114 492794 0.00 
C172,115 519690 0.00 
C172,116 503757 0.00 
C172,117 435761 0.00 
C172,118 558870 0.00 
C172,119 495143 0.00 
C172,120 502682 0.00 
C172,121 480128 0.00 
C172,122 529586 0.00 
C172,123 491841 0.00 
C172,124 508124 0.00 
C172,125 490430 0.00 
C172,126 477553 0.00 
C172,127 501360 0.00 
C172,128 493443 0.00 
C172,129 549988 0.00 
C172,130 499031 0.00 
C172,131 507038 0.00 
C172,132 476555 0.00 
C172,133 477115 0.00 
C172,134 506813 0.00 
C172,135 461642 0.00 
C172,136 454656 0.00 
C172,137 472050 0.00 
C172,138 460884 0.00 
C172,139 510346 0.00 
C172,140 471631 0.00 
C172,141 517122 0.00 
C172,142 508622 0.00 
C172,143 546587 0.00 
C172,144 489202 0.00 
C172,145 507152 0.00 
C172,146 494846 0.00 
C172,147 548055 0.00 
C172,148 480702 0.00 
C172,149 499655 0.00 
C172,150 480451 0.00 
C172,151 506029 0.00 
C172,152 485777 0.00 
C172,153 528551 0.00 
C172,154 488318 0.00 
C172,155 526646 0.00 
C172,156 487640 0.00 
C172,157 547165 0.00 
C172,158 524768 0.00 
C172,159 464813 0.00 
C172,160 533185 0.00 
C172,161 500898 0.00 
C172,162 485912 0.00 
C172,163 472395 0.00 
C172,164 514318 0.00 
C172,165 444122 0.00 
C172,166 476687 0.00 
C172,167 493688 0.00 
C172,168 519550 0.00 
C172,169 491856 0.00 
C172,170 507767 0.00 
C172,171 468310 0.00 
C172,172 516769 0.00 
C172,173 467198 0.00 
C172,174 528578 0.00 
C172,175 489609 0.00 
C172,176 461405 0.00 
C172,177 489939 0.00 
C172,178 505839 0.00 
C172,179 514680 0.00 
C172,180 535001 0.00 
C172,181 528890 0.00 
C172,182 531659 0.00 
C172,183 490241 0.00 
C172,184 500827 0.00 
C172,185 505644 0.00 
C172,186 513400 0.00 
C172,187 489660 0.00 
C172,188 517565 0.00 
C172,189 481198 0.00 
C172,190 520991 0.00 
C172,191 468826 0.00 
C172,192 499821 0.00 
C172,193 482597 0.00 
C172,194 519281 0.00 
C172,195 443968 0.00 
C172,196 515641 0.00 
C172,197 521078 0.00 
C172,198 475423 0.00 
C172,199 500000 0.00 
C172,200 473148 0.00 
C173,1 507374 0.00 
C173,2 524041 0.00 
C173,3 472791 0.00 
C173,4 519625 0.00 
C173,5 481151 0.00 
C173,6 475988 0.00 
C173,7 517966 0.00 
C173,8 539911 0.00 
C173,9 499396 0.00 
C173,10 509191 0.00 
C173,11 527576 0.00 
C173,12 532633 0.00 
C173,13 497848 0.00 
C173,14 507884 0.00 
C173,15 553091 0.00 
C173,16 519308 0.00 
C173,17 506896 0.00 
C173,18 529181 0.00 
C173,19 535203 0.00 
C173,20 498145 0.00 
C173,21 482298 0.00 
C173,22 535232 0.00 
C173,23 513741 0.00 
C173,24 545480 0.00 
C173,25 516050 0.00 
C173,26 544060 0.00 
C173,27 525359 0.00 
C173,28 480652 0.00 
C173,29 569367 0.00 
C173,30 515507 0.00 
C173,31 564613 0.00 
C173,32 486011 0.00 
C173,33 510400 0.00 
C173,34 491385 0.00 
C173,35 526616 0.00 
C173,36 515219 0.00 
C173,37 485100 0.00 
C173,38 535630 0.00 
C173,39 515899 0.00 
C173,40 497889 0.00 
C173,41 502779 0.00 
C173,42 493179 0.00 
C173,43 509626 0.00 
C173,44 497295 0.00 
C173,45 532432 0.00 
C173,46 500706 0.00 
C173,47 513685 0.00 
C173,48 499543 0.00 
C173,49 521488 0.00 
C173,50 541198 0.00 
C173,51 491716 0.00 
C173,52 546765 0.00 
C173,53 500658 0.00 
C173,54 533400 0.00 
C173,55 491121 0.00 
C173,56 530025 0.00 
C173,57 495336 0.00 
C173,58 533049 0.00 
C173,59 466894 0.00 
C173,60 449442 0.00 
C173,61 535776 0.00 
C173,62 460899 0.00 
C173,63 511520 0.00 
C173,64 512876 0.00 
C173,65 531164 0.00 
C173,66 520942 0.00 
C173,67 537407 0.00 
C173,68 510994 0.00 
C173,69 487203 0.00 
C173,70 545586 0.00 
C173,71 495539 0.00 
C173,72 512093 0.00 
C173,73 526274 0.00 
C173,74 473393 0.00 
C173,75 482869 0.00 
C173,76 518244 0.00 
C173,77 492085 0.00 
C173,78 529074 0.00 
C173,79 523880 0.00 
C173,80 483409 0.00 
C173,81 509382 0.00 
C173,82 507424 0.00 
C173,83 513592 0.00 
C173,84 472552 0.00 
C173,85 503225 0.00 
C173,86 545557 0.00 
C173,87 539485 0.00 
C173,88 478578 0.00 
C173,89 486292 0.00 
C173,90 499001 0.00 
C173,91 496422 0.00 
C173,92 526511 0.00 
C173,93 519944 0.00 
C173,94 492884 0.00 
C173,95 529753 0.00 
C173,96 506698 0.00 
C173,97 503586 0.00 
C173,98 486885 0.00 
C173,99 464218 0.00 
C173,100 498680 0.00 
C173,101 513616 0.00 
C173,102 493265 0.00 
C173,103 511433 0.00 
C173,104 510102 0.00 
C173,105 501497 0.00 
C173,106 527386 0.00 
C173,107 492536 0.00 
C173,108 509403 0.00 
C173,109 533605 0.00 
C173,110 487031 0.00 
C173,111 496486 0.00 
C173,112 511826 0.00 
C173,113 459541 0.00 
C173,114 521384 0.00 
C173,115 522244 0.00 
C173,116 516840 0.00 
C173,117 469339 0.00 
C173,118 555196 0.00 
C173,119 499546 0.00 
C173,120 531415 0.00 
C173,121 490093 0.00 
C173,122 548635 0.00 
C173,123 508950 0.00 
C173,124 524977 0.00 
C173,125 493597 0.00 
C173,126 515124 0.00 
C173,127 525142 0.00 
C173,128 521098 0.00 
C173,129 548424 0.00 
C173,130 507747 0.00 
C173,131 490148 0.00 
C173,132 505793 0.00 
C173,133 523674 0.00 
C173,134 515060 0.00 
C173,135 496244 0.00 
C173,136 476002 0.00 
C173,137 513696 0.00 
C173,138 500592 0.00 
C173,139 514265 0.00 
C173,140 527909 0.00 
C173,141 516770 0.00 
C173,142 501661 0.00 
C173,143 556012 0.00 
C173,144 492885 0.00 
C173,145 490583 0.00 
C173,146 468426 0.00 
C173,147 549759 0.00 
C173,148 507036 0.00 
C173,149 521355 0.00 
C173,150 488399 0.00 
C173,151 511348 0.00 
C173,152 506833 0.00 
C173,153 543962 0.00 
C173,154 491812 0.00 
C173,155 535997 0.00 
C173,156 521843 0.00 
C173,157 541909 0.00 
C173,158 541230 0.00 
C173,159 485218 0.00 
C173,160 559275 0.00 
C173,161 510279 0.00 
C173,162 498401 0.00 
C173,163 492254 0.00 
C173,164 528045 0.00 
C173,165 472777 0.00 
C173,166 513824 0.00 
C173,167 482830 0.00 
C173,168 494656 0.00 
C173,169 505649 0.00 
C173,170 512727 0.00 
C173,171 507284 0.00 
C173,172 560560 0.00 
C173,173 499052 0.00 
C173,174 560124 0.00 
C173,175 508720 0.00 
C173,176 482408 0.00 
C173,177 518441 0.00 
C173,178 518117 0.00 
C173,179 528060 0.00 
C173,180 573701 0.00 
C173,181 534221 0.00 
C173,182 549230 0.00 
C173,183 512380 0.00 
C173,184 501258 0.00 
C173,185 502049 0.00 
C173,186 514075 0.00 
C173,187 513269 0.00 
C173,188 516726 0.00 
C173,189 501591 0.00 
C173,190 503784 0.00 
C173,191 482166 0.00 
C173,192 500245 0.00 
C173,193 502390 0.00 
C173,194 536379 0.00 
C173,195 448083 0.00 
C173,196 517533 0.00 
C173,197 517830 0.00 
C173,198 500943 0.00 
C173,199 517842 0.00 
C173,200 510565 0.00 
C174,1 506514 0.00 
C174,2 506060 0.00 
C174,3 480885 0.00 
C174,4 519701 0.00 
C174,5 498083 0.00 
C174,6 476095 0.00 
C174,7 526059 0.00 
C174,8 535151 0.00 
C174,9 502274 0.00 
C174,10 509885 0.00 
C174,11 516080 0.00 
C174,12 538337 0.00 
C174,13 471067 0.00 
C174,14 528829 0.00 
C174,15 568494 0.00 
C174,16 503515 0.00 
C174,17 512833 0.00 
C174,18 542582 0.00 
C174,19 542043 0.00 
C174,20 482689 0.00 
C174,21 490491 0.00 
C174,22 519878 0.00 
C174,23 481033 0.00 
C174,24 561840 0.00 
C174,25 515564 0.00 
C174,26 506557 0.00 
C174,27 503203 0.00 
C174,28 490048 0.00 
C174,29 564753 0.00 
C174,30 516245 0.00 
C174,31 555288 0.00 
C174,32 486574 0.00 
C174,33 515902 0.00 
C174,34 470957 0.00 
C174,35 519879 0.00 
C174,36 508495 0.00 
C174,37 510404 0.00 
C174,38 516640 0.00 
C174,39 501873 0.00 
C174,40 496424 0.00 
C174,41 478707 0.00 
C174,42 513906 0.00 
C174,43 504693 0.00 
C174,44 514176 0.00 
C174,45 533813 0.00 
C174,46 490337 0.00 
C174,47 517093 0.00 
C174,48 482167 0.00 
C174,49 548560 0.00 
C174,50 504698 0.00 
C174,51 485164 0.00 
C174,52 526510 0.00 
C174,53 501775 0.00 
C174,54 520501 0.00 
C174,55 520353 0.00 
C174,56 504534 0.00 
C174,57 477593 0.00 
C174,58 521980 0.00 
C174,59 498971 0.00 
C174,60 436453 0.00 
C174,61 524018 0.00 
C174,62 492292 0.00 
C174,63 505279 0.00 
C174,64 499138 0.00 
C174,65 531436 0.00 
C174,66 520827 0.00 
C174,67 502140 0.00 
C174,68 495301 0.00 
C174,69 461591 0.00 
C174,70 530311 0.00 
C174,71 512218 0.00 
C174,72 512680 0.00 
C174,73 522853 0.00 
C174,74 463659 0.00 
C174,75 494198 0.00 
C174,76 519000 0.00 
C174,77 496216 0.00 
C174,78 522435 0.00 
C174,79 518456 0.00 
C174,80 509852 0.00 
C174,81 518809 0.00 
C174,82 490602 0.00 
C174,83 519023 0.00 
C174,84 481913 0.00 
C174,85 498432 0.00 
C174,86 540864 0.00 
C174,87 533526 0.00 
C174,88 471325 0.00 
C174,89 489744 0.00 
C174,90 504316 0.00 
C174,91 486059 0.00 
C174,92 515129 0.00 
C174,93 529792 0.00 
C174,94 476951 0.00 
C174,95 517543 0.00 
C174,96 541650 0.00 
C174,97 508611 0.00 
C174,98 497835 0.00 
C174,99 467783 0.00 
C174,100 486352 0.00 
C174,101 507541 0.00 
C174,102 489737 0.00 
C174,103 498307 0.00 
C174,104 510366 0.00 
C174,105 494813 0.00 
C174,106 537940 0.00 
C174,107 492092 0.00 
C174,108 500346 0.00 
C174,109 549752 0.00 
C174,110 466755 0.00 
C174,111 498873 0.00 
C174,112 501298 0.00 
C174,113 471753 0.00 
C174,114 498330 0.00 
C174,115 520273 0.00 
C174,116 513098 0.00 
C174,117 483202 0.00 
C174,118 556921 0.00 
C174,119 497811 0.00 
C174,120 521361 0.00 
C174,121 484774 0.00 
C174,122 517003 0.00 
C174,123 517812 0.00 
C174,124 491978 0.00 
C174,125 491293 0.00 
C174,126 503572 0.00 
C174,127 501933 0.00 
C174,128 498307 0.00 
C174,129 554201 0.00 
C174,130 490011 0.00 
C174,131 514089 0.00 
C174,132 486250 0.00 
C174,133 507324 0.00 
C174,134 528969 0.00 
C174,135 488896 0.00 
C174,136 444641 0.00 
C174,137 496820 0.00 
C174,138 493321 0.00 
C174,139 502648 0.00 
C174,140 513350 0.00 
C174,141 514639 0.00 
C174,142 499128 0.00 
C174,143 549873 0.00 
C174,144 483180 0.00 
C174,145 500897 0.00 
C174,146 503918 0.00 
C174,147 556460 0.00 
C174,148 492966 0.00 
C174,149 536419 0.00 
C174,150 490175 0.00 
C174,151 505120 0.00 
C174,152 500009 0.00 
C174,153 513107 0.00 
C174,154 481303 0.00 
C174,155 528435 0.00 
C174,156 498734 0.00 
C174,157 526068 0.00 
C174,158 528982 0.00 
C174,159 480028 0.00 
C174,160 545023 0.00 
C174,161 528235 0.00 
C174,162 488989 0.00 
C174,163 498995 0.00 
C174,164 482866 0.00 
C174,165 465974 0.00 
C174,166 521686 0.00 
C174,167 481752 0.00 
C174,168 518504 0.00 
C174,169 485799 0.00 
C174,170 510369 0.00 
C174,171 489147 0.00 
C174,172 523885 0.00 
C174,173 514103 0.00 
C174,174 550889 0.00 
C174,175 512207 0.00 
C174,176 489834 0.00 
C174,177 493257 0.00 
C174,178 514899 0.00 
C174,179 538396 0.00 
C174,180 551941 0.00 
C174,181 548445 0.00 
C174,182 539232 0.00 
C174,183 505115 0.00 
C174,184 510513 0.00 
C174,185 501323 0.00 
C174,186 494790 0.00 
C174,187 511763 0.00 
C174,188 508177 0.00 
C174,189 457267 0.00 
C174,190 519200 0.00 
C174,191 498967 0.00 
C174,192 535027 0.00 
C174,193 494305 0.00 
C174,194 514565 0.00 
C174,195 462054 0.00 
C174,196 516031 0.00 
C174,197 516261 0.00 
C174,198 500125 0.00 
C174,199 498734 0.00 
C174,200 489647 0.00 
C175,1 435995 0.00 
C175,2 481910 0.00 
C175,3 449214 0.00 
C175,4 471140 0.00 
C175,5 467616 0.00 
C175,6 434885 0.00 
C175,7 473230 0.00 
C175,8 491168 0.00 
C175,9 448961 0.00 
C175,10 484795 0.00 
C175,11 483665 0.00 
C175,12 479941 0.00 
C175,13 465264 0.00 
C175,14 475838 0.00 
C175,15 506824 0.00 
C175,16 484181 0.00 
C175,17 466681 0.00 
C175,18 483483 0.00 
C175,19 498177 0.00 
C175,20 488611 0.00 
C175,21 432294 0.00 
C175,22 480578 0.00 
C175,23 481900 0.00 
C175,24 529094 0.00 
C175,25 472843 0.00 
C175,26 476977 0.00 
C175,27 462064 0.00 
C175,28 442075 0.00 
C175,29 513943 0.00 
C175,30 489997 0.00 
C175,31 498659 0.00 
C175,32 436171 0.00 
C175,33 472849 0.00 
C175,34 458968 0.00 
C175,35 476082 0.00 
C175,36 447262 0.00 
C175,37 462306 0.00 
C175,38 469783 0.00 
C175,39 475279 0.00 
C175,40 452283 0.00 
C175,41 469758 0.00 
C175,42 474488 0.00 
C175,43 474658 0.00 
C175,44 473789 0.00 
C175,45 476116 0.00 
C175,46 488971 0.00 
C175,47 474943 0.00 
C175,48 431168 0.00 
C175,49 457382 0.00 
C175,50 479739 0.00 
C175,51 429176 0.00 
C175,52 456990 0.00 
C175,53 448883 0.00 
C175,54 502373 0.00 
C175,55 483157 0.00 
C175,56 478379 0.00 
C175,57 443055 0.00 
C175,58 478831 0.00 
C175,59 436335 0.00 
C175,60 440832 0.00 
C175,61 471433 0.00 
C175,62 436522 0.00 
C175,63 470464 0.00 
C175,64 463787 0.00 
C175,65 490978 0.00 
C175,66 462702 0.00 
C175,67 467527 0.00 
C175,68 478763 0.00 
C175,69 436568 0.00 
C175,70 478271 0.00 
C175,71 453086 0.00 
C175,72 470807 0.00 
C175,73 471522 0.00 
C175,74 426651 0.00 
C175,75 447197 0.00 
C175,76 470181 0.00 
C175,77 456713 0.00 
C175,78 493907 0.00 
C175,79 478055 0.00 
C175,80 461016 0.00 
C175,81 453833 0.00 
C175,82 442818 0.00 
C175,83 468492 0.00 
C175,84 439231 0.00 
C175,85 462882 0.00 
C175,86 511019 0.00 
C175,87 512309 0.00 
C175,88 438281 0.00 
C175,89 432498 0.00 
C175,90 460452 0.00 
C175,91 459461 0.00 
C175,92 471196 0.00 
C175,93 472535 0.00 
C175,94 467526 0.00 
C175,95 458780 0.00 
C175,96 469221 0.00 
C175,97 469153 0.00 
C175,98 449997 0.00 
C175,99 441054 0.00 
C175,100 464393 0.00 
C175,101 465509 0.00 
C175,102 471425 0.00 
C175,103 476165 0.00 
C175,104 457221 0.00 
C175,105 441568 0.00 
C175,106 487485 0.00 
C175,107 477483 0.00 
C175,108 471092 0.00 
C175,109 503768 0.00 
C175,110 441012 0.00 
C175,111 447786 0.00 
C175,112 467271 0.00 
C175,113 450870 0.00 
C175,114 464146 0.00 
C175,115 491148 0.00 
C175,116 491214 0.00 
C175,117 441052 0.00 
C175,118 507704 0.00 
C175,119 479813 0.00 
C175,120 497666 0.00 
C175,121 462958 0.00 
C175,122 498368 0.00 
C175,123 464775 0.00 
C175,124 466461 0.00 
C175,125 462177 0.00 
C175,126 475016 0.00 
C175,127 468345 0.00 
C175,128 476994 0.00 
C175,129 513562 0.00 
C175,130 452539 0.00 
C175,131 465410 0.00 
C175,132 456215 0.00 
C175,133 461028 0.00 
C175,134 491137 0.00 
C175,135 461502 0.00 
C175,136 417528 0.00 
C175,137 456488 0.00 
C175,138 457743 0.00 
C175,139 470222 0.00 
C175,140 457959 0.00 
C175,141 463566 0.00 
C175,142 465901 0.00 
C175,143 485329 0.00 
C175,144 442488 0.00 
C175,145 457188 0.00 
C175,146 435874 0.00 
C175,147 507620 0.00 
C175,148 448858 0.00 
C175,149 475014 0.00 
C175,150 451365 0.00 
C175,151 480257 0.00 
C175,152 467494 0.00 
C175,153 494188 0.00 
C175,154 462138 0.00 
C175,155 491099 0.00 
C175,156 462337 0.00 
C175,157 487679 0.00 
C175,158 494448 0.00 
C175,159 448943 0.00 
C175,160 513066 0.00 
C175,161 458861 0.00 
C175,162 451100 0.00 
C175,163 447238 0.00 
C175,164 467096 0.00 
C175,165 434151 0.00 
C175,166 473675 0.00 
C175,167 446471 0.00 
C175,168 483469 0.00 
C175,169 460688 0.00 
C175,170 450841 0.00 
C175,171 452590 0.00 
C175,172 494006 0.00 
C175,173 465255 0.00 
C175,174 529733 0.00 
C175,175 467185 0.00 
C175,176 457030 0.00 
C175,177 495244 0.00 
C175,178 476641 0.00 
C175,179 468274 0.00 
C175,180 514893 0.00 
C175,181 503255 0.00 
C175,182 494521 0.00 
C175,183 481770 0.00 
C175,184 461105 0.00 
C175,185 454744 0.00 
C175,186 461953 0.00 
C175,187 491411 0.00 
C175,188 487666 0.00 
C175,189 444742 0.00 
C175,190 494197 0.00 
C175,191 447020 0.00 
C175,192 461747 0.00 
C175,193 478164 0.00 
C175,194 475001 0.00 
C175,195 402204 0.00 
C175,196 486005 0.00 
C175,197 492922 0.00 
C175,198 456896 0.00 
C175,199 471846 0.00 
C175,200 459325 0.00 
C176,1 436954 0.00 
C176,2 461804 0.00 
C176,3 442146 0.00 
C176,4 469835 0.00 
C176,5 456144 0.00 
C176,6 440527 0.00 
C176,7 490719 0.00 
C176,8 491737 0.00 
C176,9 446570 0.00 
C176,10 474997 0.00 
C176,11 450766 0.00 
C176,12 505238 0.00 
C176,13 438606 0.00 
C176,14 432007 0.00 
C176,15 512706 0.00 
C176,16 473065 0.00 
C176,17 492019 0.00 
C176,18 496745 0.00 
C176,19 482606 0.00 
C176,20 464331 0.00 
C176,21 452265 0.00 
C176,22 468615 0.00 
C176,23 464285 0.00 
C176,24 517079 0.00 
C176,25 456924 0.00 
C176,26 465037 0.00 
C176,27 464887 0.00 
C176,28 430194 0.00 
C176,29 516513 0.00 
C176,30 499039 0.00 
C176,31 517416 0.00 
C176,32 461613 0.00 
C176,33 467513 0.00 
C176,34 460373 0.00 
C176,35 481325 0.00 
C176,36 448134 0.00 
C176,37 462581 0.00 
C176,38 442936 0.00 
C176,39 483617 0.00 
C176,40 436103 0.00 
C176,41 444042 0.00 
C176,42 456685 0.00 
C176,43 489048 0.00 
C176,44 452036 0.00 
C176,45 466145 0.00 
C176,46 485549 0.00 
C176,47 477721 0.00 
C176,48 453895 0.00 
C176,49 490545 0.00 
C176,50 477968 0.00 
C176,51 437139 0.00 
C176,52 456611 0.00 
C176,53 438444 0.00 
C176,54 512604 0.00 
C176,55 503189 0.00 
C176,56 498957 0.00 
C176,57 452183 0.00 
C176,58 483334 0.00 
C176,59 422755 0.00 
C176,60 407888 0.00 
C176,61 477013 0.00 
C176,62 433053 0.00 
C176,63 483548 0.00 
C176,64 463963 0.00 
C176,65 506388 0.00 
C176,66 477758 0.00 
C176,67 470729 0.00 
C176,68 467988 0.00 
C176,69 425615 0.00 
C176,70 486232 0.00 
C176,71 467096 0.00 
C176,72 450619 0.00 
C176,73 458811 0.00 
C176,74 426322 0.00 
C176,75 448835 0.00 
C176,76 479342 0.00 
C176,77 466680 0.00 
C176,78 474295 0.00 
C176,79 463937 0.00 
C176,80 471151 0.00 
C176,81 475664 0.00 
C176,82 432998 0.00 
C176,83 458388 0.00 
C176,84 437917 0.00 
C176,85 449905 0.00 
C176,86 504577 0.00 
C176,87 490241 0.00 
C176,88 430771 0.00 
C176,89 433021 0.00 
C176,90 454219 0.00 
C176,91 453802 0.00 
C176,92 474747 0.00 
C176,93 472601 0.00 
C176,94 456814 0.00 
C176,95 477708 0.00 
C176,96 477041 0.00 
C176,97 459818 0.00 
C176,98 459778 0.00 
C176,99 423463 0.00 
C176,100 454523 0.00 
C176,101 454214 0.00 
C176,102 464074 0.00 
C176,103 466463 0.00 
C176,104 452925 0.00 
C176,105 429468 0.00 
C176,106 492533 0.00 
C176,107 453024 0.00 
C176,108 454247 0.00 
C176,109 502622 0.00 
C176,110 434399 0.00 
C176,111 434797 0.00 
C176,112 464496 0.00 
C176,113 413840 0.00 
C176,114 467171 0.00 
C176,115 505257 0.00 
C176,116 473788 0.00 
C176,117 439611 0.00 
C176,118 517590 0.00 
C176,119 464793 0.00 
C176,120 477525 0.00 
C176,121 450188 0.00 
C176,122 492192 0.00 
C176,123 487516 0.00 
C176,124 456755 0.00 
C176,125 452148 0.00 
C176,126 468861 0.00 
C176,127 453168 0.00 
C176,128 471393 0.00 
C176,129 509702 0.00 
C176,130 443678 0.00 
C176,131 476849 0.00 
C176,132 446645 0.00 
C176,133 468785 0.00 
C176,134 499836 0.00 
C176,135 438548 0.00 
C176,136 417859 0.00 
C176,137 450845 0.00 
C176,138 464580 0.00 
C176,139 475321 0.00 
C176,140 461538 0.00 
C176,141 482430 0.00 
C176,142 475309 0.00 
C176,143 491974 0.00 
C176,144 445603 0.00 
C176,145 466304 0.00 
C176,146 433300 0.00 
C176,147 506107 0.00 
C176,148 448354 0.00 
C176,149 480345 0.00 
C176,150 440146 0.00 
C176,151 467456 0.00 
C176,152 459971 0.00 
C176,153 495021 0.00 
C176,154 443678 0.00 
C176,155 505297 0.00 
C176,156 467220 0.00 
C176,157 508175 0.00 
C176,158 479411 0.00 
C176,159 438851 0.00 
C176,160 512994 0.00 
C176,161 475569 0.00 
C176,162 447698 0.00 
C176,163 441595 0.00 
C176,164 462861 0.00 
C176,165 409634 0.00 
C176,166 464268 0.00 
C176,167 424075 0.00 
C176,168 476431 0.00 
C176,169 444758 0.00 
C176,170 477221 0.00 
C176,171 443943 0.00 
C176,172 488194 0.00 
C176,173 435967 0.00 
C176,174 522411 0.00 
C176,175 467608 0.00 
C176,176 464346 0.00 
C176,177 461220 0.00 
C176,178 497048 0.00 
C176,179 503679 0.00 
C176,180 518870 0.00 
C176,181 502666 0.00 
C176,182 488982 0.00 
C176,183 478100 0.00 
C176,184 461736 0.00 
C176,185 456969 0.00 
C176,186 467499 0.00 
C176,187 486077 0.00 
C176,188 467539 0.00 
C176,189 444388 0.00 
C176,190 477198 0.00 
C176,191 448319 0.00 
C176,192 471804 0.00 
C176,193 468397 0.00 
C176,194 480991 0.00 
C176,195 393572 0.00 
C176,196 450590 0.00 
C176,197 467278 0.00 
C176,198 456703 0.00 
C176,199 467232 0.00 
C176,200 480549 0.00 
C177,1 420321 0.00 
C177,2 476454 0.00 
C177,3 432311 0.00 
C177,4 449080 0.00 
C177,5 449367 0.00 
C177,6 438820 0.00 
C177,7 472704 0.00 
C177,8 464629 0.00 
C177,9 459040 0.00 
C177,10 472324 0.00 
C177,11 460790 0.00 
C177,12 472485 0.00 
C177,13 444288 0.00 
C177,14 440882 0.00 
C177,15 507529 0.00 
C177,16 455436 0.00 
C177,17 447299 0.00 
C177,18 493815 0.00 
C177,19 483198 0.00 
C177,20 434484 0.00 
C177,21 437422 0.00 
C177,22 461773 0.00 
C177,23 458770 0.00 
C177,24 494109 0.00 
C177,25 450544 0.00 
C177,26 477564 0.00 
C177,27 459293 0.00 
C177,28 444462 0.00 
C177,29 508464 0.00 
C177,30 475793 0.00 
C177,31 475325 0.00 
C177,32 435787 0.00 
C177,33 459935 0.00 
C177,34 452499 0.00 
C177,35 476555 0.00 
C177,36 430766 0.00 
C177,37 436349 0.00 
C177,38 473030 0.00 
C177,39 441840 0.00 
C177,40 423886 0.00 
C177,41 440133 0.00 
C177,42 437227 0.00 
C177,43 443137 0.00 
C177,44 445339 0.00 
C177,45 472427 0.00 
C177,46 462802 0.00 
C177,47 470863 0.00 
C177,48 444642 0.00 
C177,49 460643 0.00 
C177,50 452727 0.00 
C177,51 426148 0.00 
C177,52 451666 0.00 
C177,53 442916 0.00 
C177,54 482746 0.00 
C177,55 462309 0.00 
C177,56 462967 0.00 
C177,57 435297 0.00 
C177,58 474797 0.00 
C177,59 447887 0.00 
C177,60 396456 0.00 
C177,61 482521 0.00 
C177,62 415586 0.00 
C177,63 469687 0.00 
C177,64 462133 0.00 
C177,65 481411 0.00 
C177,66 464290 0.00 
C177,67 455322 0.00 
C177,68 462270 0.00 
C177,69 417730 0.00 
C177,70 490600 0.00 
C177,71 441872 0.00 
C177,72 462182 0.00 
C177,73 479018 0.00 
C177,74 414120 0.00 
C177,75 456418 0.00 
C177,76 455113 0.00 
C177,77 456302 0.00 
C177,78 462975 0.00 
C177,79 460134 0.00 
C177,80 435485 0.00 
C177,81 453193 0.00 
C177,82 447508 0.00 
C177,83 468897 0.00 
C177,84 420799 0.00 
C177,85 428237 0.00 
C177,86 469896 0.00 
C177,87 476616 0.00 
C177,88 434495 0.00 
C177,89 439703 0.00 
C177,90 459117 0.00 
C177,91 457221 0.00 
C177,92 449376 0.00 
C177,93 436965 0.00 
C177,94 451928 0.00 
C177,95 469168 0.00 
C177,96 449517 0.00 
C177,97 459417 0.00 
C177,98 428734 0.00 
C177,99 385893 0.00 
C177,100 435550 0.00 
C177,101 451855 0.00 
C177,102 443835 0.00 
C177,103 461932 0.00 
C177,104 455050 0.00 
C177,105 445273 0.00 
C177,106 459698 0.00 
C177,107 459939 0.00 
C177,108 461422 0.00 
C177,109 468145 0.00 
C177,110 421589 0.00 
C177,111 416522 0.00 
C177,112 439758 0.00 
C177,113 416478 0.00 
C177,114 449417 0.00 
C177,115 477641 0.00 
C177,116 477327 0.00 
C177,117 424154 0.00 
C177,118 513406 0.00 
C177,119 457818 0.00 
C177,120 488242 0.00 
C177,121 442748 0.00 
C177,122 477191 0.00 
C177,123 475469 0.00 
C177,124 452835 0.00 
C177,125 473973 0.00 
C177,126 473923 0.00 
C177,127 445251 0.00 
C177,128 462061 0.00 
C177,129 505945 0.00 
C177,130 451188 0.00 
C177,131 437614 0.00 
C177,132 434020 0.00 
C177,133 429545 0.00 
C177,134 473283 0.00 
C177,135 442371 0.00 
C177,136 437352 0.00 
C177,137 449510 0.00 
C177,138 441631 0.00 
C177,139 475762 0.00 
C177,140 453973 0.00 
C177,141 475986 0.00 
C177,142 463793 0.00 
C177,143 490134 0.00 
C177,144 438415 0.00 
C177,145 451012 0.00 
C177,146 435945 0.00 
C177,147 495008 0.00 
C177,148 420458 0.00 
C177,149 476553 0.00 
C177,150 463021 0.00 
C177,151 462049 0.00 
C177,152 453639 0.00 
C177,153 447529 0.00 
C177,154 411165 0.00 
C177,155 481167 0.00 
C177,156 436808 0.00 
C177,157 493313 0.00 
C177,158 464730 0.00 
C177,159 424703 0.00 
C177,160 495290 0.00 
C177,161 458009 0.00 
C177,162 449052 0.00 
C177,163 448784 0.00 
C177,164 446380 0.00 
C177,165 392893 0.00 
C177,166 464571 0.00 
C177,167 452088 0.00 
C177,168 481715 0.00 
C177,169 457479 0.00 
C177,170 456979 0.00 
C177,171 447751 0.00 
C177,172 480403 0.00 
C177,173 444617 0.00 
C177,174 495960 0.00 
C177,175 435957 0.00 
C177,176 457281 0.00 
C177,177 443574 0.00 
C177,178 470166 0.00 
C177,179 478606 0.00 
C177,180 498162 0.00 
C177,181 482190 0.00 
C177,182 500439 0.00 
C177,183 469391 0.00 
C177,184 466501 0.00 
C177,185 434964 0.00 
C177,186 482551 0.00 
C177,187 475604 0.00 
C177,188 449684 0.00 
C177,189 440241 0.00 
C177,190 464317 0.00 
C177,191 421379 0.00 
C177,192 457623 0.00 
C177,193 457634 0.00 
C177,194 489330 0.00 
C177,195 410472 0.00 
C177,196 460093 0.00 
C177,197 463515 0.00 
C177,198 445260 0.00 
C177,199 476292 0.00 
C177,200 437730 0.00 
C178,1 451165 0.00 
C178,2 508899 0.00 
C178,3 497270 0.00 
C178,4 465956 0.00 
C178,5 477005 0.00 
C178,6 458720 0.00 
C178,7 531948 0.00 
C178,8 492959 0.00 
C178,9 480796 0.00 
C178,10 515382 0.00 
C178,11 496823 0.00 
C178,12 516555 0.00 
C178,13 484261 0.00 
C178,14 496715 0.00 
C178,15 544730 0.00 
C178,16 512403 0.00 
C178,17 490430 0.00 
C178,18 534687 0.00 
C178,19 532350 0.00 
C178,20 496025 0.00 
C178,21 481870 0.00 
C178,22 505224 0.00 
C178,23 480600 0.00 
C178,24 525314 0.00 
C178,25 511002 0.00 
C178,26 485235 0.00 
C178,27 523577 0.00 
C178,28 466625 0.00 
C178,29 532626 0.00 
C178,30 515973 0.00 
C178,31 509765 0.00 
C178,32 490634 0.00 
C178,33 494946 0.00 
C178,34 472320 0.00 
C178,35 494858 0.00 
C178,36 474833 0.00 
C178,37 487044 0.00 
C178,38 496409 0.00 
C178,39 490579 0.00 
C178,40 496552 0.00 
C178,41 471319 0.00 
C178,42 487520 0.00 
C178,43 488883 0.00 
C178,44 512743 0.00 
C178,45 500672 0.00 
C178,46 492901 0.00 
C178,47 506393 0.00 
C178,48 477282 0.00 
C178,49 518663 0.00 
C178,50 495004 0.00 
C178,51 470157 0.00 
C178,52 496092 0.00 
C178,53 496542 0.00 
C178,54 511351 0.00 
C178,55 506573 0.00 
C178,56 517099 0.00 
C178,57 464901 0.00 
C178,58 532476 0.00 
C178,59 454574 0.00 
C178,60 444676 0.00 
C178,61 515744 0.00 
C178,62 471926 0.00 
C178,63 502371 0.00 
C178,64 530655 0.00 
C178,65 500943 0.00 
C178,66 513645 0.00 
C178,67 503647 0.00 
C178,68 482456 0.00 
C178,69 485008 0.00 
C178,70 510809 0.00 
C178,71 520256 0.00 
C178,72 505332 0.00 
C178,73 497530 0.00 
C178,74 450469 0.00 
C178,75 465830 0.00 
C178,76 489836 0.00 
C178,77 497593 0.00 
C178,78 493096 0.00 
C178,79 499517 0.00 
C178,80 481505 0.00 
C178,81 488838 0.00 
C178,82 484286 0.00 
C178,83 490387 0.00 
C178,84 485083 0.00 
C178,85 463536 0.00 
C178,86 513897 0.00 
C178,87 543962 0.00 
C178,88 466940 0.00 
C178,89 485820 0.00 
C178,90 485701 0.00 
C178,91 493566 0.00 
C178,92 481444 0.00 
C178,93 483456 0.00 
C178,94 457584 0.00 
C178,95 513287 0.00 
C178,96 478483 0.00 
C178,97 493244 0.00 
C178,98 468727 0.00 
C178,99 442698 0.00 
C178,100 493017 0.00 
C178,101 499839 0.00 
C178,102 506504 0.00 
C178,103 468179 0.00 
C178,104 489248 0.00 
C178,105 472595 0.00 
C178,106 499447 0.00 
C178,107 460472 0.00 
C178,108 472364 0.00 
C178,109 511717 0.00 
C178,110 454503 0.00 
C178,111 474675 0.00 
C178,112 476324 0.00 
C178,113 470189 0.00 
C178,114 469131 0.00 
C178,115 537541 0.00 
C178,116 503406 0.00 
C178,117 440439 0.00 
C178,118 537588 0.00 
C178,119 492540 0.00 
C178,120 487935 0.00 
C178,121 498655 0.00 
C178,122 525229 0.00 
C178,123 501466 0.00 
C178,124 488832 0.00 
C178,125 507617 0.00 
C178,126 501420 0.00 
C178,127 480202 0.00 
C178,128 516397 0.00 
C178,129 522108 0.00 
C178,130 490806 0.00 
C178,131 496875 0.00 
C178,132 470198 0.00 
C178,133 482171 0.00 
C178,134 524400 0.00 
C178,135 475406 0.00 
C178,136 449763 0.00 
C178,137 465587 0.00 
C178,138 472720 0.00 
C178,139 507093 0.00 
C178,140 468505 0.00 
C178,141 486877 0.00 
C178,142 479948 0.00 
C178,143 519678 0.00 
C178,144 501859 0.00 
C178,145 480752 0.00 
C178,146 482727 0.00 
C178,147 510602 0.00 
C178,148 474322 0.00 
C178,149 505963 0.00 
C178,150 485023 0.00 
C178,151 524499 0.00 
C178,152 498516 0.00 
C178,153 518944 0.00 
C178,154 482001 0.00 
C178,155 512217 0.00 
C178,156 477807 0.00 
C178,157 526129 0.00 
C178,158 514903 0.00 
C178,159 471448 0.00 
C178,160 536779 0.00 
C178,161 495264 0.00 
C178,162 491721 0.00 
C178,163 459401 0.00 
C178,164 516334 0.00 
C178,165 429715 0.00 
C178,166 492831 0.00 
C178,167 461840 0.00 
C178,168 494049 0.00 
C178,169 477588 0.00 
C178,170 505705 0.00 
C178,171 476579 0.00 
C178,172 506197 0.00 
C178,173 471471 0.00 
C178,174 541531 0.00 
C178,175 468139 0.00 
C178,176 477850 0.00 
C178,177 493570 0.00 
C178,178 517227 0.00 
C178,179 513104 0.00 
C178,180 529489 0.00 
C178,181 499048 0.00 
C178,182 521022 0.00 
C178,183 504198 0.00 
C178,184 494633 0.00 
C178,185 499636 0.00 
C178,186 508169 0.00 
C178,187 514320 0.00 
C178,188 514726 0.00 
C178,189 471536 0.00 
C178,190 492403 0.00 
C178,191 480761 0.00 
C178,192 482007 0.00 
C178,193 491917 0.00 
C178,194 528510 0.00 
C178,195 433758 0.00 
C178,196 505888 0.00 
C178,197 498772 0.00 
C178,198 482331 0.00 
C178,199 498697 0.00 
C178,200 461621 0.00 
C179,1 462130 0.00 
C179,2 488200 0.00 
C179,3 467709 0.00 
C179,4 487120 0.00 
C179,5 462678 0.00 
C179,6 458724 0.00 
C179,7 520417 0.00 
C179,8 500767 0.00 
C179,9 495903 0.00 
C179,10 486556 0.00 
C179,11 511793 0.00 
C179,12 515657 0.00 
C179,13 470477 0.00 
C179,14 501526 0.00 
C179,15 519544 0.00 
C179,16 506689 0.00 
C179,17 488840 0.00 
C179,18 526208 0.00 
C179,19 515669 0.00 
C179,20 483884 0.00 
C179,21 479059 0.00 
C179,22 476438 0.00 
C179,23 474722 0.00 
C179,24 518164 0.00 
C179,25 487904 0.00 
C179,26 502183 0.00 
C179,27 522923 0.00 
C179,28 463996 0.00 
C179,29 530880 0.00 
C179,30 510300 0.00 
C179,31 526200 0.00 
C179,32 490078 0.00 
C179,33 472647 0.00 
C179,34 480812 0.00 
C179,35 506551 0.00 
C179,36 481698 0.00 
C179,37 493538 0.00 
C179,38 487641 0.00 
C179,39 491198 0.00 
C179,40 459047 0.00 
C179,41 472069 0.00 
C179,42 484991 0.00 
C179,43 491698 0.00 
C179,44 501869 0.00 
C179,45 485471 0.00 
C179,46 498609 0.00 
C179,47 519160 0.00 
C179,48 453660 0.00 
C179,49 500089 0.00 
C179,50 477050 0.00 
C179,51 460465 0.00 
C179,52 519578 0.00 
C179,53 470974 0.00 
C179,54 500724 0.00 
C179,55 499793 0.00 
C179,56 494576 0.00 
C179,57 453192 0.00 
C179,58 512190 0.00 
C179,59 462779 0.00 
C179,60 423303 0.00 
C179,61 503427 0.00 
C179,62 467307 0.00 
C179,63 473184 0.00 
C179,64 478224 0.00 
C179,65 499148 0.00 
C179,66 506426 0.00 
C179,67 489126 0.00 
C179,68 504153 0.00 
C179,69 459340 0.00 
C179,70 505475 0.00 
C179,71 488505 0.00 
C179,72 477867 0.00 
C179,73 479856 0.00 
C179,74 444908 0.00 
C179,75 461496 0.00 
C179,76 475819 0.00 
C179,77 480266 0.00 
C179,78 495811 0.00 
C179,79 487402 0.00 
C179,80 479698 0.00 
C179,81 461755 0.00 
C179,82 471039 0.00 
C179,83 484075 0.00 
C179,84 461060 0.00 
C179,85 479209 0.00 
C179,86 546447 0.00 
C179,87 504904 0.00 
C179,88 451884 0.00 
C179,89 452631 0.00 
C179,90 486703 0.00 
C179,91 475939 0.00 
C179,92 500132 0.00 
C179,93 483542 0.00 
C179,94 458679 0.00 
C179,95 509179 0.00 
C179,96 484127 0.00 
C179,97 479780 0.00 
C179,98 444755 0.00 
C179,99 433607 0.00 
C179,100 474688 0.00 
C179,101 489057 0.00 
C179,102 475940 0.00 
C179,103 481329 0.00 
C179,104 493060 0.00 
C179,105 467998 0.00 
C179,106 511890 0.00 
C179,107 486357 0.00 
C179,108 497487 0.00 
C179,109 517353 0.00 
C179,110 466903 0.00 
C179,111 448665 0.00 
C179,112 482649 0.00 
C179,113 464331 0.00 
C179,114 474634 0.00 
C179,115 502925 0.00 
C179,116 478471 0.00 
C179,117 441042 0.00 
C179,118 523009 0.00 
C179,119 465839 0.00 
C179,120 511401 0.00 
C179,121 492962 0.00 
C179,122 498554 0.00 
C179,123 469369 0.00 
C179,124 466340 0.00 
C179,125 456242 0.00 
C179,126 491248 0.00 
C179,127 491013 0.00 
C179,128 491928 0.00 
C179,129 530002 0.00 
C179,130 491777 0.00 
C179,131 490609 0.00 
C179,132 472745 0.00 
C179,133 478833 0.00 
C179,134 507633 0.00 
C179,135 487368 0.00 
C179,136 448312 0.00 
C179,137 457298 0.00 
C179,138 480581 0.00 
C179,139 499313 0.00 
C179,140 460546 0.00 
C179,141 481146 0.00 
C179,142 473890 0.00 
C179,143 515534 0.00 
C179,144 483829 0.00 
C179,145 471446 0.00 
C179,146 470752 0.00 
C179,147 516353 0.00 
C179,148 462827 0.00 
C179,149 504544 0.00 
C179,150 476518 0.00 
C179,151 511340 0.00 
C179,152 487544 0.00 
C179,153 482333 0.00 
C179,154 495258 0.00 
C179,155 509370 0.00 
C179,156 478201 0.00 
C179,157 506960 0.00 
C179,158 481949 0.00 
C179,159 474518 0.00 
C179,160 512160 0.00 
C179,161 499459 0.00 
C179,162 473793 0.00 
C179,163 478873 0.00 
C179,164 468542 0.00 
C179,165 451579 0.00 
C179,166 490351 0.00 
C179,167 488102 0.00 
C179,168 479095 0.00 
C179,169 469892 0.00 
C179,170 475924 0.00 
C179,171 466397 0.00 
C179,172 518968 0.00 
C179,173 470886 0.00 
C179,174 496070 0.00 
C179,175 470221 0.00 
C179,176 468630 0.00 
C179,177 463279 0.00 
C179,178 499461 0.00 
C179,179 487036 0.00 
C179,180 513262 0.00 
C179,181 506183 0.00 
C179,182 522583 0.00 
C179,183 491039 0.00 
C179,184 471019 0.00 
C179,185 465851 0.00 
C179,186 493094 0.00 
C179,187 495322 0.00 
C179,188 489958 0.00 
C179,189 478176 0.00 
C179,190 495486 0.00 
C179,191 456405 0.00 
C179,192 494462 0.00 
C179,193 478116 0.00 
C179,194 496342 0.00 
C179,195 432816 0.00 
C179,196 494454 0.00 
C179,197 536015 0.00 
C179,198 468910 0.00 
C179,199 509434 0.00 
C179,200 458518 0.00 
C180,1 478985 0.00 
C180,2 509184 0.00 
C180,3 468233 0.00 
C180,4 500630 0.00 
C180,5 490089 0.00 
C180,6 457937 0.00 
C180,7 513397 0.00 
C180,8 526497 0.00 
C180,9 498685 0.00 
C180,10 510730 0.00 
C180,11 514683 0.00 
C180,12 506521 0.00 
C180,13 480466 0.00 
C180,14 509104 0.00 
C180,15 525855 0.00 
C180,16 499961 0.00 
C180,17 499599 0.00 
C180,18 526945 0.00 
C180,19 543047 0.00 
C180,20 500263 0.00 
C180,21 485116 0.00 
C180,22 515701 0.00 
C180,23 477404 0.00 
C180,24 555439 0.00 
C180,25 482138 0.00 
C180,26 484590 0.00 
C180,27 501918 0.00 
C180,28 467180 0.00 
C180,29 558902 0.00 
C180,30 541328 0.00 
C180,31 544868 0.00 
C180,32 452635 0.00 
C180,33 511772 0.00 
C180,34 493801 0.00 
C180,35 511110 0.00 
C180,36 478435 0.00 
C180,37 494143 0.00 
C180,38 486289 0.00 
C180,39 502932 0.00 
C180,40 490631 0.00 
C180,41 472989 0.00 
C180,42 475548 0.00 
C180,43 492724 0.00 
C180,44 525383 0.00 
C180,45 505082 0.00 
C180,46 481212 0.00 
C180,47 522502 0.00 
C180,48 477587 0.00 
C180,49 506609 0.00 
C180,50 490737 0.00 
C180,51 472231 0.00 
C180,52 492937 0.00 
C180,53 483343 0.00 
C180,54 504666 0.00 
C180,55 512482 0.00 
C180,56 514740 0.00 
C180,57 485963 0.00 
C180,58 530359 0.00 
C180,59 474492 0.00 
C180,60 449581 0.00 
C180,61 512663 0.00 
C180,62 461051 0.00 
C180,63 489100 0.00 
C180,64 496467 0.00 
C180,65 535633 0.00 
C180,66 499406 0.00 
C180,67 523102 0.00 
C180,68 487668 0.00 
C180,69 467899 0.00 
C180,70 498087 0.00 
C180,71 485197 0.00 
C180,72 505440 0.00 
C180,73 499387 0.00 
C180,74 468073 0.00 
C180,75 495894 0.00 
C180,76 505266 0.00 
C180,77 480789 0.00 
C180,78 494938 0.00 
C180,79 500206 0.00 
C180,80 498811 0.00 
C180,81 493613 0.00 
C180,82 473678 0.00 
C180,83 495164 0.00 
C180,84 482419 0.00 
C180,85 487887 0.00 
C180,86 530536 0.00 
C180,87 532975 0.00 
C180,88 470192 0.00 
C180,89 464489 0.00 
C180,90 479249 0.00 
C180,91 473905 0.00 
C180,92 504644 0.00 
C180,93 491310 0.00 
C180,94 476618 0.00 
C180,95 496850 0.00 
C180,96 490460 0.00 
C180,97 482895 0.00 
C180,98 496623 0.00 
C180,99 443723 0.00 
C180,100 472526 0.00 
C180,101 500484 0.00 
C180,102 489298 0.00 
C180,103 516238 0.00 
C180,104 500784 0.00 
C180,105 485254 0.00 
C180,106 507997 0.00 
C180,107 514912 0.00 
C180,108 503418 0.00 
C180,109 508003 0.00 
C180,110 465439 0.00 
C180,111 462516 0.00 
C180,112 505451 0.00 
C180,113 461415 0.00 
C180,114 504373 0.00 
C180,115 505735 0.00 
C180,116 508192 0.00 
C180,117 458860 0.00 
C180,118 568206 0.00 
C180,119 492795 0.00 
C180,120 521249 0.00 
C180,121 521767 0.00 
C180,122 514494 0.00 
C180,123 489880 0.00 
C180,124 470098 0.00 
C180,125 474883 0.00 
C180,126 493336 0.00 
C180,127 486398 0.00 
C180,128 499270 0.00 
C180,129 529122 0.00 
C180,130 481962 0.00 
C180,131 484581 0.00 
C180,132 469123 0.00 
C180,133 500185 0.00 
C180,134 536248 0.00 
C180,135 473012 0.00 
C180,136 440731 0.00 
C180,137 463541 0.00 
C180,138 479667 0.00 
C180,139 497162 0.00 
C180,140 485845 0.00 
C180,141 519390 0.00 
C180,142 498905 0.00 
C180,143 537755 0.00 
C180,144 501632 0.00 
C180,145 491978 0.00 
C180,146 456070 0.00 
C180,147 534859 0.00 
C180,148 488096 0.00 
C180,149 510218 0.00 
C180,150 493340 0.00 
C180,151 520236 0.00 
C180,152 504606 0.00 
C180,153 514387 0.00 
C180,154 489833 0.00 
C180,155 509896 0.00 
C180,156 479832 0.00 
C180,157 525758 0.00 
C180,158 532668 0.00 
C180,159 473788 0.00 
C180,160 542062 0.00 
C180,161 483997 0.00 
C180,162 497208 0.00 
C180,163 476082 0.00 
C180,164 493891 0.00 
C180,165 449777 0.00 
C180,166 497713 0.00 
C180,167 477468 0.00 
C180,168 508439 0.00 
C180,169 496544 0.00 
C180,170 470870 0.00 
C180,171 485072 0.00 
C180,172 543225 0.00 
C180,173 488945 0.00 
C180,174 534939 0.00 
C180,175 492732 0.00 
C180,176 473569 0.00 
C180,177 492475 0.00 
C180,178 525071 0.00 
C180,179 517099 0.00 
C180,180 530436 0.00 
C180,181 512375 0.00 
C180,182 527736 0.00 
C180,183 513442 0.00 
C180,184 481360 0.00 
C180,185 471634 0.00 
C180,186 476173 0.00 
C180,187 489871 0.00 
C180,188 492233 0.00 
C180,189 460598 0.00 
C180,190 509525 0.00 
C180,191 466669 0.00 
C180,192 484279 0.00 
C180,193 475014 0.00 
C180,194 506631 0.00 
C180,195 427485 0.00 
C180,196 506248 0.00 
C180,197 509613 0.00 
C180,198 476820 0.00 
C180,199 506025 0.00 
C180,200 478794 0.00 
0.00 
