200 200
C181,1 434558 0.00 
C181,2 458316 0.00 
C181,3 436453 0.00 
C181,4 449428 0.00 
C181,5 437172 0.00 
C181,6 426615 0.00 
C181,7 484444 0.00 
C181,8 474977 0.00 
C181,9 471745 0.00 
C181,10 459908 0.00 
C181,11 447190 0.00 
C181,12 459011 0.00 
C181,13 460728 0.00 
C181,14 443832 0.00 
C181,15 490037 0.00 
C181,16 436174 0.00 
C181,17 450981 0.00 
C181,18 469651 0.00 
C181,19 488723 0.00 
C181,20 450208 0.00 
C181,21 444077 0.00 
C181,22 451304 0.00 
C181,23 436527 0.00 
C181,24 498756 0.00 
C181,25 460487 0.00 
C181,26 471154 0.00 
C181,27 472722 0.00 
C181,28 449672 0.00 
C181,29 487604 0.00 
C181,30 484434 0.00 
C181,31 498282 0.00 
C181,32 452144 0.00 
C181,33 480910 0.00 
C181,34 440813 0.00 
C181,35 496717 0.00 
C181,36 438213 0.00 
C181,37 458344 0.00 
C181,38 446709 0.00 
C181,39 453763 0.00 
C181,40 452003 0.00 
C181,41 470115 0.00 
C181,42 424739 0.00 
C181,43 449415 0.00 
C181,44 470596 0.00 
C181,45 465117 0.00 
C181,46 447069 0.00 
C181,47 472470 0.00 
C181,48 424462 0.00 
C181,49 469306 0.00 
C181,50 447625 0.00 
C181,51 446592 0.00 
C181,52 481700 0.00 
C181,53 447307 0.00 
C181,54 472961 0.00 
C181,55 464248 0.00 
C181,56 458511 0.00 
C181,57 442271 0.00 
C181,58 477829 0.00 
C181,59 441234 0.00 
C181,60 390038 0.00 
C181,61 475103 0.00 
C181,62 435151 0.00 
C181,63 487679 0.00 
C181,64 459651 0.00 
C181,65 465873 0.00 
C181,66 491292 0.00 
C181,67 484906 0.00 
C181,68 461125 0.00 
C181,69 436833 0.00 
C181,70 472814 0.00 
C181,71 462328 0.00 
C181,72 442380 0.00 
C181,73 451893 0.00 
C181,74 439123 0.00 
C181,75 435537 0.00 
C181,76 460285 0.00 
C181,77 441764 0.00 
C181,78 485271 0.00 
C181,79 447967 0.00 
C181,80 444237 0.00 
C181,81 446557 0.00 
C181,82 449459 0.00 
C181,83 437605 0.00 
C181,84 428729 0.00 
C181,85 439174 0.00 
C181,86 492257 0.00 
C181,87 483663 0.00 
C181,88 410631 0.00 
C181,89 416599 0.00 
C181,90 445351 0.00 
C181,91 425407 0.00 
C181,92 450066 0.00 
C181,93 481806 0.00 
C181,94 433235 0.00 
C181,95 463769 0.00 
C181,96 492153 0.00 
C181,97 461115 0.00 
C181,98 439221 0.00 
C181,99 411278 0.00 
C181,100 427344 0.00 
C181,101 475699 0.00 
C181,102 447177 0.00 
C181,103 466157 0.00 
C181,104 457460 0.00 
C181,105 433337 0.00 
C181,106 452871 0.00 
C181,107 456413 0.00 
C181,108 421826 0.00 
C181,109 479276 0.00 
C181,110 420846 0.00 
C181,111 441757 0.00 
C181,112 459611 0.00 
C181,113 425719 0.00 
C181,114 437163 0.00 
C181,115 465301 0.00 
C181,116 458633 0.00 
C181,117 421914 0.00 
C181,118 475582 0.00 
C181,119 443400 0.00 
C181,120 479616 0.00 
C181,121 447318 0.00 
C181,122 466572 0.00 
C181,123 480628 0.00 
C181,124 451452 0.00 
C181,125 446352 0.00 
C181,126 453735 0.00 
C181,127 458244 0.00 
C181,128 459828 0.00 
C181,129 504925 0.00 
C181,130 448326 0.00 
C181,131 449576 0.00 
C181,132 424179 0.00 
C181,133 473280 0.00 
C181,134 470222 0.00 
C181,135 440264 0.00 
C181,136 408367 0.00 
C181,137 461974 0.00 
C181,138 444628 0.00 
C181,139 464304 0.00 
C181,140 427553 0.00 
C181,141 462361 0.00 
C181,142 464585 0.00 
C181,143 501310 0.00 
C181,144 467177 0.00 
C181,145 449130 0.00 
C181,146 429922 0.00 
C181,147 478781 0.00 
C181,148 434700 0.00 
C181,149 463525 0.00 
C181,150 443323 0.00 
C181,151 496102 0.00 
C181,152 460244 0.00 
C181,153 447096 0.00 
C181,154 449698 0.00 
C181,155 485371 0.00 
C181,156 438537 0.00 
C181,157 503523 0.00 
C181,158 482475 0.00 
C181,159 439957 0.00 
C181,160 493471 0.00 
C181,161 464076 0.00 
C181,162 465003 0.00 
C181,163 445468 0.00 
C181,164 462434 0.00 
C181,165 417530 0.00 
C181,166 439189 0.00 
C181,167 438447 0.00 
C181,168 463249 0.00 
C181,169 438046 0.00 
C181,170 458933 0.00 
C181,171 439272 0.00 
C181,172 480460 0.00 
C181,173 437150 0.00 
C181,174 498769 0.00 
C181,175 445015 0.00 
C181,176 441897 0.00 
C181,177 430989 0.00 
C181,178 461980 0.00 
C181,179 492628 0.00 
C181,180 501531 0.00 
C181,181 484264 0.00 
C181,182 490354 0.00 
C181,183 463984 0.00 
C181,184 454160 0.00 
C181,185 458954 0.00 
C181,186 466954 0.00 
C181,187 459921 0.00 
C181,188 462537 0.00 
C181,189 413609 0.00 
C181,190 465796 0.00 
C181,191 444804 0.00 
C181,192 444227 0.00 
C181,193 460322 0.00 
C181,194 448298 0.00 
C181,195 405288 0.00 
C181,196 459994 0.00 
C181,197 467424 0.00 
C181,198 445963 0.00 
C181,199 447513 0.00 
C181,200 436770 0.00 
C182,1 447673 0.00 
C182,2 464978 0.00 
C182,3 435596 0.00 
C182,4 463883 0.00 
C182,5 449013 0.00 
C182,6 465400 0.00 
C182,7 494502 0.00 
C182,8 472112 0.00 
C182,9 466617 0.00 
C182,10 468676 0.00 
C182,11 497305 0.00 
C182,12 462579 0.00 
C182,13 462233 0.00 
C182,14 472972 0.00 
C182,15 500405 0.00 
C182,16 460257 0.00 
C182,17 460233 0.00 
C182,18 482048 0.00 
C182,19 481019 0.00 
C182,20 471289 0.00 
C182,21 450159 0.00 
C182,22 486583 0.00 
C182,23 464914 0.00 
C182,24 509595 0.00 
C182,25 467848 0.00 
C182,26 471165 0.00 
C182,27 482090 0.00 
C182,28 433216 0.00 
C182,29 495542 0.00 
C182,30 482195 0.00 
C182,31 505643 0.00 
C182,32 452774 0.00 
C182,33 466403 0.00 
C182,34 440768 0.00 
C182,35 472652 0.00 
C182,36 486783 0.00 
C182,37 483621 0.00 
C182,38 460723 0.00 
C182,39 480243 0.00 
C182,40 477302 0.00 
C182,41 457068 0.00 
C182,42 441634 0.00 
C182,43 468003 0.00 
C182,44 467217 0.00 
C182,45 466762 0.00 
C182,46 485245 0.00 
C182,47 472577 0.00 
C182,48 442964 0.00 
C182,49 481259 0.00 
C182,50 489338 0.00 
C182,51 449455 0.00 
C182,52 469981 0.00 
C182,53 460942 0.00 
C182,54 487910 0.00 
C182,55 479622 0.00 
C182,56 464143 0.00 
C182,57 468387 0.00 
C182,58 486418 0.00 
C182,59 432733 0.00 
C182,60 394645 0.00 
C182,61 481930 0.00 
C182,62 417363 0.00 
C182,63 479626 0.00 
C182,64 450557 0.00 
C182,65 485037 0.00 
C182,66 480661 0.00 
C182,67 483372 0.00 
C182,68 458895 0.00 
C182,69 457682 0.00 
C182,70 499456 0.00 
C182,71 460166 0.00 
C182,72 466043 0.00 
C182,73 455877 0.00 
C182,74 435607 0.00 
C182,75 433420 0.00 
C182,76 465937 0.00 
C182,77 436499 0.00 
C182,78 502675 0.00 
C182,79 471431 0.00 
C182,80 461941 0.00 
C182,81 439540 0.00 
C182,82 447583 0.00 
C182,83 457027 0.00 
C182,84 458871 0.00 
C182,85 455456 0.00 
C182,86 524440 0.00 
C182,87 483630 0.00 
C182,88 402733 0.00 
C182,89 441956 0.00 
C182,90 474136 0.00 
C182,91 464710 0.00 
C182,92 472886 0.00 
C182,93 464079 0.00 
C182,94 460386 0.00 
C182,95 471664 0.00 
C182,96 478434 0.00 
C182,97 462767 0.00 
C182,98 454065 0.00 
C182,99 433831 0.00 
C182,100 446548 0.00 
C182,101 487188 0.00 
C182,102 452483 0.00 
C182,103 469190 0.00 
C182,104 471292 0.00 
C182,105 457346 0.00 
C182,106 496639 0.00 
C182,107 454031 0.00 
C182,108 475617 0.00 
C182,109 489166 0.00 
C182,110 449089 0.00 
C182,111 455819 0.00 
C182,112 452757 0.00 
C182,113 440277 0.00 
C182,114 444050 0.00 
C182,115 486973 0.00 
C182,116 465576 0.00 
C182,117 444530 0.00 
C182,118 492763 0.00 
C182,119 469894 0.00 
C182,120 481647 0.00 
C182,121 458124 0.00 
C182,122 493999 0.00 
C182,123 474078 0.00 
C182,124 469441 0.00 
C182,125 456557 0.00 
C182,126 477144 0.00 
C182,127 481712 0.00 
C182,128 475673 0.00 
C182,129 518612 0.00 
C182,130 445565 0.00 
C182,131 455998 0.00 
C182,132 439077 0.00 
C182,133 487075 0.00 
C182,134 479272 0.00 
C182,135 440477 0.00 
C182,136 400761 0.00 
C182,137 460094 0.00 
C182,138 457838 0.00 
C182,139 467146 0.00 
C182,140 438300 0.00 
C182,141 473710 0.00 
C182,142 457627 0.00 
C182,143 523192 0.00 
C182,144 469425 0.00 
C182,145 453272 0.00 
C182,146 461803 0.00 
C182,147 495586 0.00 
C182,148 458594 0.00 
C182,149 464963 0.00 
C182,150 462793 0.00 
C182,151 496594 0.00 
C182,152 469973 0.00 
C182,153 481994 0.00 
C182,154 468207 0.00 
C182,155 473259 0.00 
C182,156 459381 0.00 
C182,157 491667 0.00 
C182,158 479256 0.00 
C182,159 434265 0.00 
C182,160 481545 0.00 
C182,161 491353 0.00 
C182,162 451096 0.00 
C182,163 446318 0.00 
C182,164 475888 0.00 
C182,165 429057 0.00 
C182,166 470006 0.00 
C182,167 438184 0.00 
C182,168 462231 0.00 
C182,169 451307 0.00 
C182,170 458203 0.00 
C182,171 452924 0.00 
C182,172 535126 0.00 
C182,173 453561 0.00 
C182,174 497425 0.00 
C182,175 461548 0.00 
C182,176 440771 0.00 
C182,177 446099 0.00 
C182,178 483230 0.00 
C182,179 490880 0.00 
C182,180 527077 0.00 
C182,181 494102 0.00 
C182,182 512511 0.00 
C182,183 466061 0.00 
C182,184 471166 0.00 
C182,185 453833 0.00 
C182,186 468244 0.00 
C182,187 452283 0.00 
C182,188 480751 0.00 
C182,189 435258 0.00 
C182,190 488302 0.00 
C182,191 444542 0.00 
C182,192 469354 0.00 
C182,193 451237 0.00 
C182,194 475296 0.00 
C182,195 421202 0.00 
C182,196 454955 0.00 
C182,197 514874 0.00 
C182,198 437508 0.00 
C182,199 468649 0.00 
C182,200 433163 0.00 
C183,1 475257 0.00 
C183,2 473352 0.00 
C183,3 471831 0.00 
C183,4 483329 0.00 
C183,5 495812 0.00 
C183,6 451969 0.00 
C183,7 493162 0.00 
C183,8 496496 0.00 
C183,9 456406 0.00 
C183,10 489986 0.00 
C183,11 486974 0.00 
C183,12 524435 0.00 
C183,13 458721 0.00 
C183,14 470225 0.00 
C183,15 531866 0.00 
C183,16 496208 0.00 
C183,17 509604 0.00 
C183,18 538056 0.00 
C183,19 535413 0.00 
C183,20 491983 0.00 
C183,21 472683 0.00 
C183,22 493529 0.00 
C183,23 497311 0.00 
C183,24 517472 0.00 
C183,25 487853 0.00 
C183,26 504765 0.00 
C183,27 506421 0.00 
C183,28 460959 0.00 
C183,29 532696 0.00 
C183,30 514540 0.00 
C183,31 516034 0.00 
C183,32 472041 0.00 
C183,33 478864 0.00 
C183,34 489644 0.00 
C183,35 498610 0.00 
C183,36 501584 0.00 
C183,37 461928 0.00 
C183,38 498255 0.00 
C183,39 490426 0.00 
C183,40 465760 0.00 
C183,41 466450 0.00 
C183,42 485676 0.00 
C183,43 470275 0.00 
C183,44 487390 0.00 
C183,45 490168 0.00 
C183,46 468294 0.00 
C183,47 492657 0.00 
C183,48 474206 0.00 
C183,49 519708 0.00 
C183,50 505449 0.00 
C183,51 442936 0.00 
C183,52 502252 0.00 
C183,53 493061 0.00 
C183,54 495981 0.00 
C183,55 492889 0.00 
C183,56 504106 0.00 
C183,57 459313 0.00 
C183,58 518080 0.00 
C183,59 450234 0.00 
C183,60 433087 0.00 
C183,61 500140 0.00 
C183,62 443068 0.00 
C183,63 484427 0.00 
C183,64 489944 0.00 
C183,65 502369 0.00 
C183,66 506092 0.00 
C183,67 497484 0.00 
C183,68 503581 0.00 
C183,69 462865 0.00 
C183,70 491410 0.00 
C183,71 478534 0.00 
C183,72 499743 0.00 
C183,73 469765 0.00 
C183,74 443219 0.00 
C183,75 477898 0.00 
C183,76 482468 0.00 
C183,77 473736 0.00 
C183,78 486243 0.00 
C183,79 471533 0.00 
C183,80 478220 0.00 
C183,81 487004 0.00 
C183,82 461376 0.00 
C183,83 490491 0.00 
C183,84 452763 0.00 
C183,85 455964 0.00 
C183,86 511589 0.00 
C183,87 516555 0.00 
C183,88 474762 0.00 
C183,89 451984 0.00 
C183,90 487646 0.00 
C183,91 485355 0.00 
C183,92 474490 0.00 
C183,93 522540 0.00 
C183,94 461913 0.00 
C183,95 508425 0.00 
C183,96 490852 0.00 
C183,97 479598 0.00 
C183,98 457613 0.00 
C183,99 432837 0.00 
C183,100 490543 0.00 
C183,101 483865 0.00 
C183,102 501828 0.00 
C183,103 478548 0.00 
C183,104 488656 0.00 
C183,105 459400 0.00 
C183,106 517738 0.00 
C183,107 447325 0.00 
C183,108 477225 0.00 
C183,109 513146 0.00 
C183,110 473882 0.00 
C183,111 461520 0.00 
C183,112 475643 0.00 
C183,113 441037 0.00 
C183,114 470842 0.00 
C183,115 498105 0.00 
C183,116 504383 0.00 
C183,117 436173 0.00 
C183,118 548514 0.00 
C183,119 475062 0.00 
C183,120 503920 0.00 
C183,121 482738 0.00 
C183,122 513874 0.00 
C183,123 485075 0.00 
C183,124 484463 0.00 
C183,125 482364 0.00 
C183,126 482263 0.00 
C183,127 472413 0.00 
C183,128 474614 0.00 
C183,129 525151 0.00 
C183,130 493798 0.00 
C183,131 501925 0.00 
C183,132 458343 0.00 
C183,133 483187 0.00 
C183,134 515370 0.00 
C183,135 457008 0.00 
C183,136 435617 0.00 
C183,137 482753 0.00 
C183,138 458539 0.00 
C183,139 485536 0.00 
C183,140 465621 0.00 
C183,141 511576 0.00 
C183,142 488849 0.00 
C183,143 520694 0.00 
C183,144 479068 0.00 
C183,145 498627 0.00 
C183,146 472926 0.00 
C183,147 530297 0.00 
C183,148 482714 0.00 
C183,149 499821 0.00 
C183,150 484673 0.00 
C183,151 500904 0.00 
C183,152 468641 0.00 
C183,153 518184 0.00 
C183,154 488399 0.00 
C183,155 516920 0.00 
C183,156 470947 0.00 
C183,157 535285 0.00 
C183,158 500516 0.00 
C183,159 457600 0.00 
C183,160 535781 0.00 
C183,161 482435 0.00 
C183,162 478615 0.00 
C183,163 440705 0.00 
C183,164 483525 0.00 
C183,165 431626 0.00 
C183,166 469637 0.00 
C183,167 474859 0.00 
C183,168 489225 0.00 
C183,169 501988 0.00 
C183,170 468226 0.00 
C183,171 453725 0.00 
C183,172 545490 0.00 
C183,173 466879 0.00 
C183,174 519536 0.00 
C183,175 475899 0.00 
C183,176 449240 0.00 
C183,177 476337 0.00 
C183,178 499656 0.00 
C183,179 504516 0.00 
C183,180 531178 0.00 
C183,181 490273 0.00 
C183,182 512061 0.00 
C183,183 492284 0.00 
C183,184 475993 0.00 
C183,185 491461 0.00 
C183,186 476281 0.00 
C183,187 479942 0.00 
C183,188 492031 0.00 
C183,189 465956 0.00 
C183,190 473480 0.00 
C183,191 441800 0.00 
C183,192 494961 0.00 
C183,193 476205 0.00 
C183,194 513575 0.00 
C183,195 444485 0.00 
C183,196 494175 0.00 
C183,197 510515 0.00 
C183,198 468948 0.00 
C183,199 480515 0.00 
C183,200 473756 0.00 
C184,1 450339 0.00 
C184,2 463635 0.00 
C184,3 460736 0.00 
C184,4 469584 0.00 
C184,5 437772 0.00 
C184,6 409915 0.00 
C184,7 485971 0.00 
C184,8 491268 0.00 
C184,9 439149 0.00 
C184,10 483302 0.00 
C184,11 467138 0.00 
C184,12 457066 0.00 
C184,13 457207 0.00 
C184,14 460286 0.00 
C184,15 520599 0.00 
C184,16 471135 0.00 
C184,17 490229 0.00 
C184,18 492411 0.00 
C184,19 484143 0.00 
C184,20 479557 0.00 
C184,21 457745 0.00 
C184,22 454717 0.00 
C184,23 483549 0.00 
C184,24 502654 0.00 
C184,25 500429 0.00 
C184,26 451690 0.00 
C184,27 463830 0.00 
C184,28 437191 0.00 
C184,29 504894 0.00 
C184,30 494263 0.00 
C184,31 490907 0.00 
C184,32 455555 0.00 
C184,33 470702 0.00 
C184,34 483109 0.00 
C184,35 471858 0.00 
C184,36 466676 0.00 
C184,37 440917 0.00 
C184,38 454889 0.00 
C184,39 463708 0.00 
C184,40 485275 0.00 
C184,41 442644 0.00 
C184,42 455980 0.00 
C184,43 505390 0.00 
C184,44 477137 0.00 
C184,45 478838 0.00 
C184,46 472815 0.00 
C184,47 471365 0.00 
C184,48 433945 0.00 
C184,49 468003 0.00 
C184,50 456647 0.00 
C184,51 441381 0.00 
C184,52 452923 0.00 
C184,53 431818 0.00 
C184,54 486940 0.00 
C184,55 485588 0.00 
C184,56 497052 0.00 
C184,57 460044 0.00 
C184,58 482058 0.00 
C184,59 459558 0.00 
C184,60 405336 0.00 
C184,61 502948 0.00 
C184,62 428354 0.00 
C184,63 476482 0.00 
C184,64 443428 0.00 
C184,65 480789 0.00 
C184,66 471705 0.00 
C184,67 448169 0.00 
C184,68 456137 0.00 
C184,69 440288 0.00 
C184,70 478312 0.00 
C184,71 469648 0.00 
C184,72 461438 0.00 
C184,73 485318 0.00 
C184,74 458813 0.00 
C184,75 471600 0.00 
C184,76 457725 0.00 
C184,77 435533 0.00 
C184,78 481364 0.00 
C184,79 456295 0.00 
C184,80 456207 0.00 
C184,81 454090 0.00 
C184,82 446958 0.00 
C184,83 473700 0.00 
C184,84 444555 0.00 
C184,85 460668 0.00 
C184,86 495972 0.00 
C184,87 492036 0.00 
C184,88 427541 0.00 
C184,89 450273 0.00 
C184,90 466541 0.00 
C184,91 436989 0.00 
C184,92 466175 0.00 
C184,93 454508 0.00 
C184,94 444680 0.00 
C184,95 471238 0.00 
C184,96 468423 0.00 
C184,97 466471 0.00 
C184,98 471106 0.00 
C184,99 437858 0.00 
C184,100 458077 0.00 
C184,101 468236 0.00 
C184,102 461925 0.00 
C184,103 452825 0.00 
C184,104 471365 0.00 
C184,105 453318 0.00 
C184,106 470512 0.00 
C184,107 457486 0.00 
C184,108 484681 0.00 
C184,109 526864 0.00 
C184,110 451864 0.00 
C184,111 440525 0.00 
C184,112 463358 0.00 
C184,113 418340 0.00 
C184,114 465905 0.00 
C184,115 485656 0.00 
C184,116 465782 0.00 
C184,117 427085 0.00 
C184,118 522733 0.00 
C184,119 465762 0.00 
C184,120 483513 0.00 
C184,121 458890 0.00 
C184,122 489390 0.00 
C184,123 468444 0.00 
C184,124 472518 0.00 
C184,125 461968 0.00 
C184,126 501829 0.00 
C184,127 466112 0.00 
C184,128 473770 0.00 
C184,129 491970 0.00 
C184,130 469594 0.00 
C184,131 472192 0.00 
C184,132 450791 0.00 
C184,133 472090 0.00 
C184,134 476447 0.00 
C184,135 438832 0.00 
C184,136 389407 0.00 
C184,137 450195 0.00 
C184,138 460069 0.00 
C184,139 477577 0.00 
C184,140 447630 0.00 
C184,141 463455 0.00 
C184,142 448316 0.00 
C184,143 497376 0.00 
C184,144 493817 0.00 
C184,145 451174 0.00 
C184,146 422176 0.00 
C184,147 509635 0.00 
C184,148 455609 0.00 
C184,149 481911 0.00 
C184,150 465252 0.00 
C184,151 469861 0.00 
C184,152 469414 0.00 
C184,153 490081 0.00 
C184,154 449395 0.00 
C184,155 465307 0.00 
C184,156 481151 0.00 
C184,157 502573 0.00 
C184,158 481389 0.00 
C184,159 438537 0.00 
C184,160 493389 0.00 
C184,161 503909 0.00 
C184,162 479180 0.00 
C184,163 474174 0.00 
C184,164 446383 0.00 
C184,165 425823 0.00 
C184,166 471838 0.00 
C184,167 425541 0.00 
C184,168 462600 0.00 
C184,169 433367 0.00 
C184,170 469926 0.00 
C184,171 422231 0.00 
C184,172 488533 0.00 
C184,173 458738 0.00 
C184,174 507712 0.00 
C184,175 459231 0.00 
C184,176 428920 0.00 
C184,177 461769 0.00 
C184,178 491753 0.00 
C184,179 497082 0.00 
C184,180 524592 0.00 
C184,181 480674 0.00 
C184,182 503094 0.00 
C184,183 473355 0.00 
C184,184 461451 0.00 
C184,185 471023 0.00 
C184,186 472240 0.00 
C184,187 485146 0.00 
C184,188 467121 0.00 
C184,189 436925 0.00 
C184,190 464573 0.00 
C184,191 442494 0.00 
C184,192 463914 0.00 
C184,193 501438 0.00 
C184,194 478347 0.00 
C184,195 420911 0.00 
C184,196 466539 0.00 
C184,197 474133 0.00 
C184,198 443542 0.00 
C184,199 458690 0.00 
C184,200 436918 0.00 
C185,1 474781 0.00 
C185,2 511044 0.00 
C185,3 534154 0.00 
C185,4 513004 0.00 
C185,5 522151 0.00 
C185,6 493778 0.00 
C185,7 530612 0.00 
C185,8 544487 0.00 
C185,9 503238 0.00 
C185,10 532217 0.00 
C185,11 540413 0.00 
C185,12 556155 0.00 
C185,13 505579 0.00 
C185,14 525788 0.00 
C185,15 592362 0.00 
C185,16 529656 0.00 
C185,17 542603 0.00 
C185,18 545316 0.00 
C185,19 551737 0.00 
C185,20 519848 0.00 
C185,21 504717 0.00 
C185,22 522580 0.00 
C185,23 515959 0.00 
C185,24 555909 0.00 
C185,25 530572 0.00 
C185,26 517325 0.00 
C185,27 537378 0.00 
C185,28 503633 0.00 
C185,29 545768 0.00 
C185,30 557369 0.00 
C185,31 566299 0.00 
C185,32 499061 0.00 
C185,33 539464 0.00 
C185,34 516349 0.00 
C185,35 525588 0.00 
C185,36 506382 0.00 
C185,37 529958 0.00 
C185,38 545217 0.00 
C185,39 545728 0.00 
C185,40 512156 0.00 
C185,41 510411 0.00 
C185,42 514723 0.00 
C185,43 521587 0.00 
C185,44 526040 0.00 
C185,45 518897 0.00 
C185,46 517165 0.00 
C185,47 529932 0.00 
C185,48 523955 0.00 
C185,49 531662 0.00 
C185,50 552886 0.00 
C185,51 508539 0.00 
C185,52 534494 0.00 
C185,53 504058 0.00 
C185,54 572694 0.00 
C185,55 517408 0.00 
C185,56 543721 0.00 
C185,57 500708 0.00 
C185,58 526081 0.00 
C185,59 513118 0.00 
C185,60 456830 0.00 
C185,61 547892 0.00 
C185,62 493604 0.00 
C185,63 529825 0.00 
C185,64 539451 0.00 
C185,65 518461 0.00 
C185,66 551076 0.00 
C185,67 531116 0.00 
C185,68 511924 0.00 
C185,69 473108 0.00 
C185,70 528965 0.00 
C185,71 518268 0.00 
C185,72 542182 0.00 
C185,73 513506 0.00 
C185,74 500656 0.00 
C185,75 514917 0.00 
C185,76 545615 0.00 
C185,77 515823 0.00 
C185,78 543070 0.00 
C185,79 522492 0.00 
C185,80 507193 0.00 
C185,81 520708 0.00 
C185,82 514960 0.00 
C185,83 534533 0.00 
C185,84 478401 0.00 
C185,85 510832 0.00 
C185,86 569254 0.00 
C185,87 564740 0.00 
C185,88 480902 0.00 
C185,89 478841 0.00 
C185,90 498588 0.00 
C185,91 496830 0.00 
C185,92 510443 0.00 
C185,93 537004 0.00 
C185,94 506683 0.00 
C185,95 540133 0.00 
C185,96 522820 0.00 
C185,97 521626 0.00 
C185,98 502174 0.00 
C185,99 483382 0.00 
C185,100 496375 0.00 
C185,101 532007 0.00 
C185,102 508636 0.00 
C185,103 488016 0.00 
C185,104 510847 0.00 
C185,105 510484 0.00 
C185,106 535707 0.00 
C185,107 501385 0.00 
C185,108 505654 0.00 
C185,109 560472 0.00 
C185,110 486881 0.00 
C185,111 493048 0.00 
C185,112 530808 0.00 
C185,113 488085 0.00 
C185,114 523204 0.00 
C185,115 546165 0.00 
C185,116 531251 0.00 
C185,117 484482 0.00 
C185,118 562067 0.00 
C185,119 501056 0.00 
C185,120 546262 0.00 
C185,121 530678 0.00 
C185,122 529961 0.00 
C185,123 537620 0.00 
C185,124 518387 0.00 
C185,125 490060 0.00 
C185,126 521799 0.00 
C185,127 510644 0.00 
C185,128 535223 0.00 
C185,129 564196 0.00 
C185,130 515246 0.00 
C185,131 532301 0.00 
C185,132 500324 0.00 
C185,133 537058 0.00 
C185,134 512548 0.00 
C185,135 530436 0.00 
C185,136 465026 0.00 
C185,137 515520 0.00 
C185,138 514663 0.00 
C185,139 538656 0.00 
C185,140 509975 0.00 
C185,141 545461 0.00 
C185,142 528303 0.00 
C185,143 557987 0.00 
C185,144 517131 0.00 
C185,145 528948 0.00 
C185,146 471397 0.00 
C185,147 574145 0.00 
C185,148 491878 0.00 
C185,149 539622 0.00 
C185,150 519440 0.00 
C185,151 558822 0.00 
C185,152 505598 0.00 
C185,153 543013 0.00 
C185,154 497010 0.00 
C185,155 541177 0.00 
C185,156 511284 0.00 
C185,157 562768 0.00 
C185,158 543186 0.00 
C185,159 492017 0.00 
C185,160 576841 0.00 
C185,161 547232 0.00 
C185,162 524932 0.00 
C185,163 495172 0.00 
C185,164 522273 0.00 
C185,165 449747 0.00 
C185,166 500959 0.00 
C185,167 498782 0.00 
C185,168 520809 0.00 
C185,169 517513 0.00 
C185,170 522643 0.00 
C185,171 487599 0.00 
C185,172 561104 0.00 
C185,173 495510 0.00 
C185,174 554642 0.00 
C185,175 499754 0.00 
C185,176 480881 0.00 
C185,177 483650 0.00 
C185,178 532298 0.00 
C185,179 547913 0.00 
C185,180 570049 0.00 
C185,181 542368 0.00 
C185,182 552247 0.00 
C185,183 529094 0.00 
C185,184 515335 0.00 
C185,185 510868 0.00 
C185,186 524431 0.00 
C185,187 521533 0.00 
C185,188 515708 0.00 
C185,189 482488 0.00 
C185,190 533308 0.00 
C185,191 489494 0.00 
C185,192 523132 0.00 
C185,193 522459 0.00 
C185,194 529133 0.00 
C185,195 472790 0.00 
C185,196 519656 0.00 
C185,197 529054 0.00 
C185,198 487175 0.00 
C185,199 524798 0.00 
C185,200 494994 0.00 
C186,1 470072 0.00 
C186,2 489457 0.00 
C186,3 495182 0.00 
C186,4 504558 0.00 
C186,5 497306 0.00 
C186,6 462845 0.00 
C186,7 510296 0.00 
C186,8 486206 0.00 
C186,9 485597 0.00 
C186,10 491394 0.00 
C186,11 510538 0.00 
C186,12 521550 0.00 
C186,13 476386 0.00 
C186,14 493426 0.00 
C186,15 542740 0.00 
C186,16 506943 0.00 
C186,17 490985 0.00 
C186,18 545480 0.00 
C186,19 513363 0.00 
C186,20 482690 0.00 
C186,21 470164 0.00 
C186,22 511906 0.00 
C186,23 473809 0.00 
C186,24 537590 0.00 
C186,25 499717 0.00 
C186,26 486109 0.00 
C186,27 502625 0.00 
C186,28 477417 0.00 
C186,29 529948 0.00 
C186,30 525887 0.00 
C186,31 538049 0.00 
C186,32 459772 0.00 
C186,33 504215 0.00 
C186,34 485285 0.00 
C186,35 506791 0.00 
C186,36 471826 0.00 
C186,37 483273 0.00 
C186,38 485463 0.00 
C186,39 507320 0.00 
C186,40 457544 0.00 
C186,41 461405 0.00 
C186,42 492514 0.00 
C186,43 476596 0.00 
C186,44 508087 0.00 
C186,45 493615 0.00 
C186,46 474802 0.00 
C186,47 504625 0.00 
C186,48 458658 0.00 
C186,49 526582 0.00 
C186,50 488017 0.00 
C186,51 467208 0.00 
C186,52 487731 0.00 
C186,53 496896 0.00 
C186,54 538349 0.00 
C186,55 481232 0.00 
C186,56 512742 0.00 
C186,57 467672 0.00 
C186,58 527121 0.00 
C186,59 468963 0.00 
C186,60 443436 0.00 
C186,61 505945 0.00 
C186,62 480815 0.00 
C186,63 495979 0.00 
C186,64 490883 0.00 
C186,65 515723 0.00 
C186,66 497777 0.00 
C186,67 487377 0.00 
C186,68 481111 0.00 
C186,69 459072 0.00 
C186,70 490906 0.00 
C186,71 481432 0.00 
C186,72 489617 0.00 
C186,73 496259 0.00 
C186,74 458818 0.00 
C186,75 477695 0.00 
C186,76 497564 0.00 
C186,77 472128 0.00 
C186,78 501023 0.00 
C186,79 492103 0.00 
C186,80 463193 0.00 
C186,81 477685 0.00 
C186,82 444227 0.00 
C186,83 511367 0.00 
C186,84 456460 0.00 
C186,85 493716 0.00 
C186,86 533132 0.00 
C186,87 520120 0.00 
C186,88 458334 0.00 
C186,89 476099 0.00 
C186,90 473626 0.00 
C186,91 483615 0.00 
C186,92 480621 0.00 
C186,93 493675 0.00 
C186,94 463535 0.00 
C186,95 483907 0.00 
C186,96 470865 0.00 
C186,97 479622 0.00 
C186,98 458675 0.00 
C186,99 436659 0.00 
C186,100 462712 0.00 
C186,101 474743 0.00 
C186,102 503414 0.00 
C186,103 495180 0.00 
C186,104 469658 0.00 
C186,105 448309 0.00 
C186,106 509585 0.00 
C186,107 495606 0.00 
C186,108 510049 0.00 
C186,109 512010 0.00 
C186,110 463371 0.00 
C186,111 463665 0.00 
C186,112 490164 0.00 
C186,113 465496 0.00 
C186,114 478748 0.00 
C186,115 510059 0.00 
C186,116 503326 0.00 
C186,117 474777 0.00 
C186,118 540342 0.00 
C186,119 478264 0.00 
C186,120 533379 0.00 
C186,121 494375 0.00 
C186,122 509978 0.00 
C186,123 474994 0.00 
C186,124 474446 0.00 
C186,125 490721 0.00 
C186,126 505831 0.00 
C186,127 484985 0.00 
C186,128 503462 0.00 
C186,129 520786 0.00 
C186,130 478094 0.00 
C186,131 477463 0.00 
C186,132 468579 0.00 
C186,133 475642 0.00 
C186,134 522520 0.00 
C186,135 478365 0.00 
C186,136 431145 0.00 
C186,137 471061 0.00 
C186,138 468464 0.00 
C186,139 485888 0.00 
C186,140 472328 0.00 
C186,141 509789 0.00 
C186,142 484273 0.00 
C186,143 537286 0.00 
C186,144 477611 0.00 
C186,145 504155 0.00 
C186,146 450561 0.00 
C186,147 534319 0.00 
C186,148 493968 0.00 
C186,149 510806 0.00 
C186,150 482617 0.00 
C186,151 515098 0.00 
C186,152 470357 0.00 
C186,153 511319 0.00 
C186,154 470188 0.00 
C186,155 487237 0.00 
C186,156 500364 0.00 
C186,157 525013 0.00 
C186,158 490866 0.00 
C186,159 465264 0.00 
C186,160 525442 0.00 
C186,161 493030 0.00 
C186,162 474825 0.00 
C186,163 460778 0.00 
C186,164 479051 0.00 
C186,165 454326 0.00 
C186,166 482677 0.00 
C186,167 458350 0.00 
C186,168 521780 0.00 
C186,169 477575 0.00 
C186,170 476494 0.00 
C186,171 464136 0.00 
C186,172 543038 0.00 
C186,173 474166 0.00 
C186,174 521177 0.00 
C186,175 486698 0.00 
C186,176 459881 0.00 
C186,177 463549 0.00 
C186,178 516656 0.00 
C186,179 498972 0.00 
C186,180 538836 0.00 
C186,181 491737 0.00 
C186,182 524959 0.00 
C186,183 520101 0.00 
C186,184 492605 0.00 
C186,185 480409 0.00 
C186,186 491993 0.00 
C186,187 498841 0.00 
C186,188 513125 0.00 
C186,189 457463 0.00 
C186,190 500915 0.00 
C186,191 468224 0.00 
C186,192 485964 0.00 
C186,193 475473 0.00 
C186,194 508631 0.00 
C186,195 412206 0.00 
C186,196 498585 0.00 
C186,197 522979 0.00 
C186,198 459806 0.00 
C186,199 497083 0.00 
C186,200 502344 0.00 
C187,1 456707 0.00 
C187,2 489927 0.00 
C187,3 466932 0.00 
C187,4 486579 0.00 
C187,5 483958 0.00 
C187,6 474570 0.00 
C187,7 529425 0.00 
C187,8 496603 0.00 
C187,9 480665 0.00 
C187,10 508300 0.00 
C187,11 502825 0.00 
C187,12 530036 0.00 
C187,13 508817 0.00 
C187,14 495689 0.00 
C187,15 546309 0.00 
C187,16 511026 0.00 
C187,17 492183 0.00 
C187,18 523377 0.00 
C187,19 527920 0.00 
C187,20 496944 0.00 
C187,21 488768 0.00 
C187,22 490559 0.00 
C187,23 492531 0.00 
C187,24 520544 0.00 
C187,25 483621 0.00 
C187,26 513933 0.00 
C187,27 520382 0.00 
C187,28 476829 0.00 
C187,29 540939 0.00 
C187,30 523967 0.00 
C187,31 524061 0.00 
C187,32 461685 0.00 
C187,33 503849 0.00 
C187,34 484838 0.00 
C187,35 516729 0.00 
C187,36 499382 0.00 
C187,37 478837 0.00 
C187,38 537008 0.00 
C187,39 514986 0.00 
C187,40 524642 0.00 
C187,41 480492 0.00 
C187,42 493030 0.00 
C187,43 489371 0.00 
C187,44 497745 0.00 
C187,45 501047 0.00 
C187,46 497938 0.00 
C187,47 493439 0.00 
C187,48 470924 0.00 
C187,49 510088 0.00 
C187,50 526530 0.00 
C187,51 456347 0.00 
C187,52 511054 0.00 
C187,53 479579 0.00 
C187,54 524313 0.00 
C187,55 502158 0.00 
C187,56 509318 0.00 
C187,57 482785 0.00 
C187,58 545074 0.00 
C187,59 473662 0.00 
C187,60 455626 0.00 
C187,61 503023 0.00 
C187,62 482418 0.00 
C187,63 503453 0.00 
C187,64 508889 0.00 
C187,65 513835 0.00 
C187,66 496624 0.00 
C187,67 502134 0.00 
C187,68 501319 0.00 
C187,69 470810 0.00 
C187,70 517325 0.00 
C187,71 509285 0.00 
C187,72 492462 0.00 
C187,73 521154 0.00 
C187,74 465242 0.00 
C187,75 463232 0.00 
C187,76 509652 0.00 
C187,77 492242 0.00 
C187,78 516547 0.00 
C187,79 508297 0.00 
C187,80 508303 0.00 
C187,81 482919 0.00 
C187,82 486914 0.00 
C187,83 492574 0.00 
C187,84 469617 0.00 
C187,85 484199 0.00 
C187,86 531968 0.00 
C187,87 517234 0.00 
C187,88 448832 0.00 
C187,89 455384 0.00 
C187,90 488195 0.00 
C187,91 469201 0.00 
C187,92 496073 0.00 
C187,93 492200 0.00 
C187,94 497896 0.00 
C187,95 513876 0.00 
C187,96 490323 0.00 
C187,97 506953 0.00 
C187,98 458877 0.00 
C187,99 440150 0.00 
C187,100 478945 0.00 
C187,101 519271 0.00 
C187,102 499604 0.00 
C187,103 505364 0.00 
C187,104 486960 0.00 
C187,105 459040 0.00 
C187,106 516684 0.00 
C187,107 487953 0.00 
C187,108 493960 0.00 
C187,109 515171 0.00 
C187,110 449632 0.00 
C187,111 487956 0.00 
C187,112 501830 0.00 
C187,113 443927 0.00 
C187,114 460844 0.00 
C187,115 515830 0.00 
C187,116 501506 0.00 
C187,117 453166 0.00 
C187,118 568734 0.00 
C187,119 473680 0.00 
C187,120 527773 0.00 
C187,121 493533 0.00 
C187,122 533391 0.00 
C187,123 516174 0.00 
C187,124 500720 0.00 
C187,125 500838 0.00 
C187,126 515678 0.00 
C187,127 513292 0.00 
C187,128 510554 0.00 
C187,129 548534 0.00 
C187,130 484606 0.00 
C187,131 460551 0.00 
C187,132 463661 0.00 
C187,133 494770 0.00 
C187,134 526396 0.00 
C187,135 470832 0.00 
C187,136 448465 0.00 
C187,137 494499 0.00 
C187,138 469170 0.00 
C187,139 516232 0.00 
C187,140 489118 0.00 
C187,141 497515 0.00 
C187,142 501310 0.00 
C187,143 535225 0.00 
C187,144 485397 0.00 
C187,145 495088 0.00 
C187,146 473862 0.00 
C187,147 530713 0.00 
C187,148 489115 0.00 
C187,149 510603 0.00 
C187,150 481433 0.00 
C187,151 509175 0.00 
C187,152 508662 0.00 
C187,153 504566 0.00 
C187,154 477484 0.00 
C187,155 509870 0.00 
C187,156 487136 0.00 
C187,157 514882 0.00 
C187,158 496851 0.00 
C187,159 464444 0.00 
C187,160 548568 0.00 
C187,161 493343 0.00 
C187,162 480364 0.00 
C187,163 477052 0.00 
C187,164 485800 0.00 
C187,165 451372 0.00 
C187,166 481571 0.00 
C187,167 488865 0.00 
C187,168 513605 0.00 
C187,169 484586 0.00 
C187,170 483425 0.00 
C187,171 476266 0.00 
C187,172 543197 0.00 
C187,173 482594 0.00 
C187,174 532266 0.00 
C187,175 489619 0.00 
C187,176 473763 0.00 
C187,177 481935 0.00 
C187,178 505145 0.00 
C187,179 528394 0.00 
C187,180 541231 0.00 
C187,181 518049 0.00 
C187,182 517731 0.00 
C187,183 516774 0.00 
C187,184 504809 0.00 
C187,185 501635 0.00 
C187,186 497212 0.00 
C187,187 498530 0.00 
C187,188 512035 0.00 
C187,189 473088 0.00 
C187,190 511641 0.00 
C187,191 446939 0.00 
C187,192 493839 0.00 
C187,193 503489 0.00 
C187,194 515263 0.00 
C187,195 416842 0.00 
C187,196 530609 0.00 
C187,197 520987 0.00 
C187,198 478175 0.00 
C187,199 498146 0.00 
C187,200 501011 0.00 
C188,1 478007 0.00 
C188,2 508063 0.00 
C188,3 477746 0.00 
C188,4 500508 0.00 
C188,5 508732 0.00 
C188,6 485793 0.00 
C188,7 524923 0.00 
C188,8 531360 0.00 
C188,9 486576 0.00 
C188,10 501618 0.00 
C188,11 526142 0.00 
C188,12 519330 0.00 
C188,13 505902 0.00 
C188,14 519033 0.00 
C188,15 561037 0.00 
C188,16 518550 0.00 
C188,17 502092 0.00 
C188,18 525179 0.00 
C188,19 524689 0.00 
C188,20 506841 0.00 
C188,21 482684 0.00 
C188,22 530548 0.00 
C188,23 512866 0.00 
C188,24 562589 0.00 
C188,25 492605 0.00 
C188,26 519380 0.00 
C188,27 518652 0.00 
C188,28 463025 0.00 
C188,29 560169 0.00 
C188,30 513141 0.00 
C188,31 528257 0.00 
C188,32 468497 0.00 
C188,33 520660 0.00 
C188,34 501505 0.00 
C188,35 527341 0.00 
C188,36 510660 0.00 
C188,37 481524 0.00 
C188,38 500709 0.00 
C188,39 502375 0.00 
C188,40 511685 0.00 
C188,41 512435 0.00 
C188,42 483616 0.00 
C188,43 514257 0.00 
C188,44 516755 0.00 
C188,45 518346 0.00 
C188,46 512328 0.00 
C188,47 527491 0.00 
C188,48 488052 0.00 
C188,49 537559 0.00 
C188,50 535587 0.00 
C188,51 476512 0.00 
C188,52 511371 0.00 
C188,53 492417 0.00 
C188,54 527825 0.00 
C188,55 528095 0.00 
C188,56 523426 0.00 
C188,57 470821 0.00 
C188,58 553472 0.00 
C188,59 484865 0.00 
C188,60 437186 0.00 
C188,61 514633 0.00 
C188,62 473676 0.00 
C188,63 526310 0.00 
C188,64 495113 0.00 
C188,65 539876 0.00 
C188,66 517839 0.00 
C188,67 508536 0.00 
C188,68 520214 0.00 
C188,69 500325 0.00 
C188,70 533552 0.00 
C188,71 504655 0.00 
C188,72 497112 0.00 
C188,73 495910 0.00 
C188,74 473900 0.00 
C188,75 497749 0.00 
C188,76 509279 0.00 
C188,77 496885 0.00 
C188,78 533290 0.00 
C188,79 507893 0.00 
C188,80 492033 0.00 
C188,81 489387 0.00 
C188,82 495441 0.00 
C188,83 498821 0.00 
C188,84 465243 0.00 
C188,85 493258 0.00 
C188,86 550403 0.00 
C188,87 535401 0.00 
C188,88 476316 0.00 
C188,89 487139 0.00 
C188,90 492538 0.00 
C188,91 489198 0.00 
C188,92 519039 0.00 
C188,93 517017 0.00 
C188,94 485144 0.00 
C188,95 521087 0.00 
C188,96 518885 0.00 
C188,97 522646 0.00 
C188,98 489560 0.00 
C188,99 460932 0.00 
C188,100 489353 0.00 
C188,101 528384 0.00 
C188,102 509212 0.00 
C188,103 521152 0.00 
C188,104 514733 0.00 
C188,105 479871 0.00 
C188,106 500320 0.00 
C188,107 512301 0.00 
C188,108 507434 0.00 
C188,109 519017 0.00 
C188,110 477369 0.00 
C188,111 477805 0.00 
C188,112 491795 0.00 
C188,113 464945 0.00 
C188,114 487696 0.00 
C188,115 507290 0.00 
C188,116 512155 0.00 
C188,117 469845 0.00 
C188,118 551949 0.00 
C188,119 485176 0.00 
C188,120 505178 0.00 
C188,121 523128 0.00 
C188,122 527594 0.00 
C188,123 526660 0.00 
C188,124 512330 0.00 
C188,125 496156 0.00 
C188,126 535900 0.00 
C188,127 512178 0.00 
C188,128 521634 0.00 
C188,129 550049 0.00 
C188,130 491177 0.00 
C188,131 480125 0.00 
C188,132 475904 0.00 
C188,133 505454 0.00 
C188,134 515455 0.00 
C188,135 505184 0.00 
C188,136 453417 0.00 
C188,137 471935 0.00 
C188,138 496359 0.00 
C188,139 516369 0.00 
C188,140 482703 0.00 
C188,141 507482 0.00 
C188,142 507975 0.00 
C188,143 546794 0.00 
C188,144 497996 0.00 
C188,145 487719 0.00 
C188,146 492352 0.00 
C188,147 527575 0.00 
C188,148 488194 0.00 
C188,149 518982 0.00 
C188,150 492702 0.00 
C188,151 513632 0.00 
C188,152 519905 0.00 
C188,153 523802 0.00 
C188,154 493357 0.00 
C188,155 530800 0.00 
C188,156 478916 0.00 
C188,157 551709 0.00 
C188,158 526397 0.00 
C188,159 459712 0.00 
C188,160 542595 0.00 
C188,161 504896 0.00 
C188,162 507505 0.00 
C188,163 492528 0.00 
C188,164 489870 0.00 
C188,165 452442 0.00 
C188,166 508462 0.00 
C188,167 486439 0.00 
C188,168 506509 0.00 
C188,169 481940 0.00 
C188,170 478857 0.00 
C188,171 486788 0.00 
C188,172 552563 0.00 
C188,173 508922 0.00 
C188,174 538938 0.00 
C188,175 502444 0.00 
C188,176 473911 0.00 
C188,177 489233 0.00 
C188,178 522766 0.00 
C188,179 540264 0.00 
C188,180 562745 0.00 
C188,181 545744 0.00 
C188,182 550736 0.00 
C188,183 516629 0.00 
C188,184 502064 0.00 
C188,185 508761 0.00 
C188,186 507376 0.00 
C188,187 512182 0.00 
C188,188 512248 0.00 
C188,189 474496 0.00 
C188,190 523737 0.00 
C188,191 478142 0.00 
C188,192 494055 0.00 
C188,193 504816 0.00 
C188,194 536381 0.00 
C188,195 452224 0.00 
C188,196 506716 0.00 
C188,197 547470 0.00 
C188,198 476625 0.00 
C188,199 517528 0.00 
C188,200 479270 0.00 
C189,1 433960 0.00 
C189,2 464235 0.00 
C189,3 434077 0.00 
C189,4 465254 0.00 
C189,5 428982 0.00 
C189,6 460374 0.00 
C189,7 484068 0.00 
C189,8 472971 0.00 
C189,9 482132 0.00 
C189,10 470715 0.00 
C189,11 461173 0.00 
C189,12 456676 0.00 
C189,13 451710 0.00 
C189,14 481066 0.00 
C189,15 518334 0.00 
C189,16 460012 0.00 
C189,17 472164 0.00 
C189,18 524765 0.00 
C189,19 503205 0.00 
C189,20 438891 0.00 
C189,21 477392 0.00 
C189,22 463271 0.00 
C189,23 452299 0.00 
C189,24 501947 0.00 
C189,25 475842 0.00 
C189,26 461294 0.00 
C189,27 474254 0.00 
C189,28 468832 0.00 
C189,29 506003 0.00 
C189,30 483690 0.00 
C189,31 495676 0.00 
C189,32 459596 0.00 
C189,33 474831 0.00 
C189,34 464006 0.00 
C189,35 476878 0.00 
C189,36 445038 0.00 
C189,37 461834 0.00 
C189,38 478531 0.00 
C189,39 472589 0.00 
C189,40 451607 0.00 
C189,41 440320 0.00 
C189,42 478369 0.00 
C189,43 453806 0.00 
C189,44 484037 0.00 
C189,45 465865 0.00 
C189,46 453849 0.00 
C189,47 461774 0.00 
C189,48 444699 0.00 
C189,49 468934 0.00 
C189,50 478803 0.00 
C189,51 440220 0.00 
C189,52 487100 0.00 
C189,53 455762 0.00 
C189,54 476038 0.00 
C189,55 468708 0.00 
C189,56 476051 0.00 
C189,57 427672 0.00 
C189,58 470609 0.00 
C189,59 467713 0.00 
C189,60 410645 0.00 
C189,61 468590 0.00 
C189,62 434861 0.00 
C189,63 454480 0.00 
C189,64 480830 0.00 
C189,65 496487 0.00 
C189,66 467457 0.00 
C189,67 452188 0.00 
C189,68 489163 0.00 
C189,69 445116 0.00 
C189,70 486576 0.00 
C189,71 470443 0.00 
C189,72 451607 0.00 
C189,73 468385 0.00 
C189,74 431498 0.00 
C189,75 459598 0.00 
C189,76 475812 0.00 
C189,77 455214 0.00 
C189,78 454235 0.00 
C189,79 442551 0.00 
C189,80 442540 0.00 
C189,81 456843 0.00 
C189,82 455554 0.00 
C189,83 478456 0.00 
C189,84 438137 0.00 
C189,85 449190 0.00 
C189,86 487362 0.00 
C189,87 489926 0.00 
C189,88 443284 0.00 
C189,89 437668 0.00 
C189,90 460122 0.00 
C189,91 448087 0.00 
C189,92 468947 0.00 
C189,93 467006 0.00 
C189,94 432386 0.00 
C189,95 471581 0.00 
C189,96 479981 0.00 
C189,97 464981 0.00 
C189,98 444458 0.00 
C189,99 412670 0.00 
C189,100 453523 0.00 
C189,101 461608 0.00 
C189,102 454890 0.00 
C189,103 459799 0.00 
C189,104 485389 0.00 
C189,105 454331 0.00 
C189,106 484130 0.00 
C189,107 454121 0.00 
C189,108 456964 0.00 
C189,109 499116 0.00 
C189,110 444896 0.00 
C189,111 456018 0.00 
C189,112 449650 0.00 
C189,113 427688 0.00 
C189,114 445967 0.00 
C189,115 479929 0.00 
C189,116 473782 0.00 
C189,117 413508 0.00 
C189,118 526674 0.00 
C189,119 435858 0.00 
C189,120 484770 0.00 
C189,121 471064 0.00 
C189,122 481166 0.00 
C189,123 470715 0.00 
C189,124 461023 0.00 
C189,125 450568 0.00 
C189,126 477611 0.00 
C189,127 463248 0.00 
C189,128 468986 0.00 
C189,129 494947 0.00 
C189,130 464590 0.00 
C189,131 452247 0.00 
C189,132 455151 0.00 
C189,133 464700 0.00 
C189,134 489278 0.00 
C189,135 443439 0.00 
C189,136 420101 0.00 
C189,137 448900 0.00 
C189,138 458252 0.00 
C189,139 461034 0.00 
C189,140 436881 0.00 
C189,141 493436 0.00 
C189,142 454755 0.00 
C189,143 505730 0.00 
C189,144 450534 0.00 
C189,145 452814 0.00 
C189,146 429214 0.00 
C189,147 501265 0.00 
C189,148 433178 0.00 
C189,149 488712 0.00 
C189,150 462365 0.00 
C189,151 474214 0.00 
C189,152 449653 0.00 
C189,153 480639 0.00 
C189,154 463615 0.00 
C189,155 494428 0.00 
C189,156 463519 0.00 
C189,157 501121 0.00 
C189,158 460259 0.00 
C189,159 442587 0.00 
C189,160 513262 0.00 
C189,161 464738 0.00 
C189,162 435783 0.00 
C189,163 450512 0.00 
C189,164 443675 0.00 
C189,165 390873 0.00 
C189,166 450388 0.00 
C189,167 465042 0.00 
C189,168 460950 0.00 
C189,169 455386 0.00 
C189,170 451658 0.00 
C189,171 451045 0.00 
C189,172 491684 0.00 
C189,173 443925 0.00 
C189,174 482514 0.00 
C189,175 446783 0.00 
C189,176 432799 0.00 
C189,177 436374 0.00 
C189,178 491463 0.00 
C189,179 482082 0.00 
C189,180 484880 0.00 
C189,181 508858 0.00 
C189,182 500927 0.00 
C189,183 458945 0.00 
C189,184 463308 0.00 
C189,185 461750 0.00 
C189,186 479857 0.00 
C189,187 476491 0.00 
C189,188 452048 0.00 
C189,189 439958 0.00 
C189,190 449385 0.00 
C189,191 436988 0.00 
C189,192 483934 0.00 
C189,193 466712 0.00 
C189,194 485297 0.00 
C189,195 413434 0.00 
C189,196 468455 0.00 
C189,197 492720 0.00 
C189,198 473220 0.00 
C189,199 492164 0.00 
C189,200 444655 0.00 
C190,1 439076 0.00 
C190,2 463489 0.00 
C190,3 436334 0.00 
C190,4 467225 0.00 
C190,5 437948 0.00 
C190,6 434043 0.00 
C190,7 477537 0.00 
C190,8 483289 0.00 
C190,9 464501 0.00 
C190,10 474534 0.00 
C190,11 463648 0.00 
C190,12 455688 0.00 
C190,13 451333 0.00 
C190,14 436887 0.00 
C190,15 477642 0.00 
C190,16 470724 0.00 
C190,17 456182 0.00 
C190,18 471583 0.00 
C190,19 482443 0.00 
C190,20 457603 0.00 
C190,21 449736 0.00 
C190,22 471734 0.00 
C190,23 452077 0.00 
C190,24 489309 0.00 
C190,25 437859 0.00 
C190,26 450377 0.00 
C190,27 466180 0.00 
C190,28 435773 0.00 
C190,29 484024 0.00 
C190,30 493358 0.00 
C190,31 474311 0.00 
C190,32 458470 0.00 
C190,33 476277 0.00 
C190,34 462368 0.00 
C190,35 474428 0.00 
C190,36 440594 0.00 
C190,37 455760 0.00 
C190,38 465494 0.00 
C190,39 465242 0.00 
C190,40 447979 0.00 
C190,41 444615 0.00 
C190,42 449579 0.00 
C190,43 458586 0.00 
C190,44 457235 0.00 
C190,45 466404 0.00 
C190,46 458397 0.00 
C190,47 488127 0.00 
C190,48 440301 0.00 
C190,49 471196 0.00 
C190,50 446527 0.00 
C190,51 444754 0.00 
C190,52 455881 0.00 
C190,53 449254 0.00 
C190,54 497482 0.00 
C190,55 447729 0.00 
C190,56 468920 0.00 
C190,57 431566 0.00 
C190,58 479436 0.00 
C190,59 441768 0.00 
C190,60 389264 0.00 
C190,61 478940 0.00 
C190,62 431556 0.00 
C190,63 460509 0.00 
C190,64 468179 0.00 
C190,65 474571 0.00 
C190,66 488030 0.00 
C190,67 485322 0.00 
C190,68 466201 0.00 
C190,69 464076 0.00 
C190,70 460568 0.00 
C190,71 491346 0.00 
C190,72 478218 0.00 
C190,73 461224 0.00 
C190,74 441836 0.00 
C190,75 453855 0.00 
C190,76 466037 0.00 
C190,77 439910 0.00 
C190,78 476859 0.00 
C190,79 460549 0.00 
C190,80 447640 0.00 
C190,81 438207 0.00 
C190,82 439710 0.00 
C190,83 452112 0.00 
C190,84 428656 0.00 
C190,85 464337 0.00 
C190,86 475991 0.00 
C190,87 475469 0.00 
C190,88 425901 0.00 
C190,89 417402 0.00 
C190,90 433365 0.00 
C190,91 428767 0.00 
C190,92 456857 0.00 
C190,93 475183 0.00 
C190,94 455321 0.00 
C190,95 478069 0.00 
C190,96 476779 0.00 
C190,97 471353 0.00 
C190,98 450089 0.00 
C190,99 403764 0.00 
C190,100 445515 0.00 
C190,101 474370 0.00 
C190,102 437883 0.00 
C190,103 462419 0.00 
C190,104 459698 0.00 
C190,105 439198 0.00 
C190,106 478408 0.00 
C190,107 445190 0.00 
C190,108 458617 0.00 
C190,109 473777 0.00 
C190,110 417052 0.00 
C190,111 440138 0.00 
C190,112 469417 0.00 
C190,113 414583 0.00 
C190,114 430240 0.00 
C190,115 469088 0.00 
C190,116 462292 0.00 
C190,117 424717 0.00 
C190,118 504876 0.00 
C190,119 439164 0.00 
C190,120 467904 0.00 
C190,121 478585 0.00 
C190,122 466713 0.00 
C190,123 470130 0.00 
C190,124 457587 0.00 
C190,125 470381 0.00 
C190,126 465604 0.00 
C190,127 442432 0.00 
C190,128 454771 0.00 
C190,129 499700 0.00 
C190,130 452181 0.00 
C190,131 471467 0.00 
C190,132 423548 0.00 
C190,133 463525 0.00 
C190,134 476754 0.00 
C190,135 449113 0.00 
C190,136 398539 0.00 
C190,137 451177 0.00 
C190,138 440733 0.00 
C190,139 447331 0.00 
C190,140 448940 0.00 
C190,141 481893 0.00 
C190,142 452567 0.00 
C190,143 523829 0.00 
C190,144 439368 0.00 
C190,145 445886 0.00 
C190,146 431862 0.00 
C190,147 487784 0.00 
C190,148 443595 0.00 
C190,149 469858 0.00 
C190,150 433781 0.00 
C190,151 465763 0.00 
C190,152 449388 0.00 
C190,153 459663 0.00 
C190,154 429812 0.00 
C190,155 475545 0.00 
C190,156 424750 0.00 
C190,157 511146 0.00 
C190,158 495642 0.00 
C190,159 429821 0.00 
C190,160 514647 0.00 
C190,161 446484 0.00 
C190,162 430606 0.00 
C190,163 428823 0.00 
C190,164 457012 0.00 
C190,165 408045 0.00 
C190,166 454716 0.00 
C190,167 427392 0.00 
C190,168 454397 0.00 
C190,169 431255 0.00 
C190,170 457014 0.00 
C190,171 447993 0.00 
C190,172 493490 0.00 
C190,173 449963 0.00 
C190,174 501949 0.00 
C190,175 451057 0.00 
C190,176 424593 0.00 
C190,177 443745 0.00 
C190,178 464156 0.00 
C190,179 469680 0.00 
C190,180 490112 0.00 
C190,181 458521 0.00 
C190,182 488307 0.00 
C190,183 475415 0.00 
C190,184 446262 0.00 
C190,185 465229 0.00 
C190,186 473997 0.00 
C190,187 442159 0.00 
C190,188 456030 0.00 
C190,189 421127 0.00 
C190,190 474453 0.00 
C190,191 446467 0.00 
C190,192 439805 0.00 
C190,193 419527 0.00 
C190,194 458867 0.00 
C190,195 409720 0.00 
C190,196 458006 0.00 
C190,197 474006 0.00 
C190,198 438669 0.00 
C190,199 459834 0.00 
C190,200 459948 0.00 
C191,1 448349 0.00 
C191,2 494746 0.00 
C191,3 483384 0.00 
C191,4 472214 0.00 
C191,5 472127 0.00 
C191,6 451901 0.00 
C191,7 521293 0.00 
C191,8 498234 0.00 
C191,9 473713 0.00 
C191,10 484712 0.00 
C191,11 498315 0.00 
C191,12 505365 0.00 
C191,13 465687 0.00 
C191,14 475319 0.00 
C191,15 535904 0.00 
C191,16 488449 0.00 
C191,17 492694 0.00 
C191,18 515728 0.00 
C191,19 524106 0.00 
C191,20 476584 0.00 
C191,21 461201 0.00 
C191,22 491733 0.00 
C191,23 473635 0.00 
C191,24 521647 0.00 
C191,25 484329 0.00 
C191,26 472605 0.00 
C191,27 483344 0.00 
C191,28 464777 0.00 
C191,29 552387 0.00 
C191,30 494321 0.00 
C191,31 505587 0.00 
C191,32 470529 0.00 
C191,33 476164 0.00 
C191,34 467308 0.00 
C191,35 485118 0.00 
C191,36 492166 0.00 
C191,37 473705 0.00 
C191,38 469496 0.00 
C191,39 475305 0.00 
C191,40 459387 0.00 
C191,41 465586 0.00 
C191,42 480360 0.00 
C191,43 483876 0.00 
C191,44 491811 0.00 
C191,45 499836 0.00 
C191,46 490322 0.00 
C191,47 510520 0.00 
C191,48 459369 0.00 
C191,49 500389 0.00 
C191,50 498080 0.00 
C191,51 444323 0.00 
C191,52 493625 0.00 
C191,53 463365 0.00 
C191,54 516263 0.00 
C191,55 497478 0.00 
C191,56 480324 0.00 
C191,57 445786 0.00 
C191,58 497502 0.00 
C191,59 452349 0.00 
C191,60 419535 0.00 
C191,61 508745 0.00 
C191,62 445714 0.00 
C191,63 485194 0.00 
C191,64 475939 0.00 
C191,65 495867 0.00 
C191,66 498520 0.00 
C191,67 471357 0.00 
C191,68 486212 0.00 
C191,69 447085 0.00 
C191,70 499627 0.00 
C191,71 475114 0.00 
C191,72 485488 0.00 
C191,73 472429 0.00 
C191,74 439401 0.00 
C191,75 470791 0.00 
C191,76 471382 0.00 
C191,77 465692 0.00 
C191,78 502229 0.00 
C191,79 482598 0.00 
C191,80 472441 0.00 
C191,81 453345 0.00 
C191,82 476733 0.00 
C191,83 466970 0.00 
C191,84 471921 0.00 
C191,85 460570 0.00 
C191,86 536315 0.00 
C191,87 519494 0.00 
C191,88 455782 0.00 
C191,89 467670 0.00 
C191,90 462510 0.00 
C191,91 459414 0.00 
C191,92 478119 0.00 
C191,93 476696 0.00 
C191,94 440988 0.00 
C191,95 503099 0.00 
C191,96 497420 0.00 
C191,97 464860 0.00 
C191,98 437223 0.00 
C191,99 425514 0.00 
C191,100 464925 0.00 
C191,101 502190 0.00 
C191,102 482750 0.00 
C191,103 477876 0.00 
C191,104 491748 0.00 
C191,105 455633 0.00 
C191,106 486020 0.00 
C191,107 470128 0.00 
C191,108 467644 0.00 
C191,109 497402 0.00 
C191,110 432578 0.00 
C191,111 466980 0.00 
C191,112 470185 0.00 
C191,113 443163 0.00 
C191,114 454382 0.00 
C191,115 484999 0.00 
C191,116 492766 0.00 
C191,117 436166 0.00 
C191,118 523121 0.00 
C191,119 442009 0.00 
C191,120 491876 0.00 
C191,121 487737 0.00 
C191,122 496161 0.00 
C191,123 485966 0.00 
C191,124 464899 0.00 
C191,125 459447 0.00 
C191,126 495590 0.00 
C191,127 477900 0.00 
C191,128 499369 0.00 
C191,129 499498 0.00 
C191,130 481787 0.00 
C191,131 478534 0.00 
C191,132 455358 0.00 
C191,133 463409 0.00 
C191,134 490717 0.00 
C191,135 462638 0.00 
C191,136 427678 0.00 
C191,137 466084 0.00 
C191,138 482846 0.00 
C191,139 487472 0.00 
C191,140 477484 0.00 
C191,141 483482 0.00 
C191,142 470465 0.00 
C191,143 509528 0.00 
C191,144 471490 0.00 
C191,145 467570 0.00 
C191,146 458380 0.00 
C191,147 505719 0.00 
C191,148 457065 0.00 
C191,149 509241 0.00 
C191,150 489257 0.00 
C191,151 493709 0.00 
C191,152 466096 0.00 
C191,153 484956 0.00 
C191,154 456514 0.00 
C191,155 493760 0.00 
C191,156 471743 0.00 
C191,157 505786 0.00 
C191,158 469493 0.00 
C191,159 466011 0.00 
C191,160 497714 0.00 
C191,161 487083 0.00 
C191,162 470405 0.00 
C191,163 479299 0.00 
C191,164 475537 0.00 
C191,165 419955 0.00 
C191,166 500523 0.00 
C191,167 458975 0.00 
C191,168 517233 0.00 
C191,169 476340 0.00 
C191,170 481378 0.00 
C191,171 469076 0.00 
C191,172 521162 0.00 
C191,173 455913 0.00 
C191,174 511944 0.00 
C191,175 487953 0.00 
C191,176 450888 0.00 
C191,177 461444 0.00 
C191,178 478608 0.00 
C191,179 506378 0.00 
C191,180 522703 0.00 
C191,181 483848 0.00 
C191,182 518382 0.00 
C191,183 489381 0.00 
C191,184 489982 0.00 
C191,185 491999 0.00 
C191,186 495013 0.00 
C191,187 496366 0.00 
C191,188 485219 0.00 
C191,189 460846 0.00 
C191,190 487452 0.00 
C191,191 461781 0.00 
C191,192 485742 0.00 
C191,193 481543 0.00 
C191,194 488693 0.00 
C191,195 421678 0.00 
C191,196 498579 0.00 
C191,197 507674 0.00 
C191,198 460191 0.00 
C191,199 488601 0.00 
C191,200 458976 0.00 
C192,1 457986 0.00 
C192,2 492000 0.00 
C192,3 447747 0.00 
C192,4 466199 0.00 
C192,5 492642 0.00 
C192,6 438812 0.00 
C192,7 488482 0.00 
C192,8 484354 0.00 
C192,9 451904 0.00 
C192,10 476332 0.00 
C192,11 489110 0.00 
C192,12 485733 0.00 
C192,13 477151 0.00 
C192,14 495254 0.00 
C192,15 525868 0.00 
C192,16 486446 0.00 
C192,17 485516 0.00 
C192,18 513600 0.00 
C192,19 514847 0.00 
C192,20 470651 0.00 
C192,21 488312 0.00 
C192,22 506763 0.00 
C192,23 472796 0.00 
C192,24 514272 0.00 
C192,25 481848 0.00 
C192,26 489965 0.00 
C192,27 502184 0.00 
C192,28 461152 0.00 
C192,29 527632 0.00 
C192,30 522721 0.00 
C192,31 532109 0.00 
C192,32 468630 0.00 
C192,33 503011 0.00 
C192,34 470269 0.00 
C192,35 482979 0.00 
C192,36 482415 0.00 
C192,37 468470 0.00 
C192,38 471499 0.00 
C192,39 466334 0.00 
C192,40 471066 0.00 
C192,41 465062 0.00 
C192,42 474734 0.00 
C192,43 483891 0.00 
C192,44 495113 0.00 
C192,45 491439 0.00 
C192,46 486832 0.00 
C192,47 474789 0.00 
C192,48 456233 0.00 
C192,49 511952 0.00 
C192,50 490532 0.00 
C192,51 452129 0.00 
C192,52 481341 0.00 
C192,53 473809 0.00 
C192,54 490676 0.00 
C192,55 515917 0.00 
C192,56 531314 0.00 
C192,57 476740 0.00 
C192,58 499597 0.00 
C192,59 447318 0.00 
C192,60 438354 0.00 
C192,61 505538 0.00 
C192,62 447117 0.00 
C192,63 478678 0.00 
C192,64 478599 0.00 
C192,65 499075 0.00 
C192,66 492600 0.00 
C192,67 500742 0.00 
C192,68 475006 0.00 
C192,69 471269 0.00 
C192,70 507652 0.00 
C192,71 489901 0.00 
C192,72 482712 0.00 
C192,73 501751 0.00 
C192,74 441641 0.00 
C192,75 466954 0.00 
C192,76 483025 0.00 
C192,77 458260 0.00 
C192,78 516445 0.00 
C192,79 490548 0.00 
C192,80 466888 0.00 
C192,81 458537 0.00 
C192,82 477381 0.00 
C192,83 489659 0.00 
C192,84 470174 0.00 
C192,85 485679 0.00 
C192,86 504491 0.00 
C192,87 524982 0.00 
C192,88 438463 0.00 
C192,89 470127 0.00 
C192,90 479114 0.00 
C192,91 464035 0.00 
C192,92 469642 0.00 
C192,93 494765 0.00 
C192,94 490861 0.00 
C192,95 503992 0.00 
C192,96 479951 0.00 
C192,97 504709 0.00 
C192,98 465004 0.00 
C192,99 427613 0.00 
C192,100 455371 0.00 
C192,101 498070 0.00 
C192,102 484408 0.00 
C192,103 462909 0.00 
C192,104 488105 0.00 
C192,105 456714 0.00 
C192,106 512532 0.00 
C192,107 480893 0.00 
C192,108 499897 0.00 
C192,109 515214 0.00 
C192,110 460484 0.00 
C192,111 466243 0.00 
C192,112 462530 0.00 
C192,113 472671 0.00 
C192,114 467048 0.00 
C192,115 510280 0.00 
C192,116 506927 0.00 
C192,117 457682 0.00 
C192,118 514529 0.00 
C192,119 477661 0.00 
C192,120 498910 0.00 
C192,121 485384 0.00 
C192,122 512683 0.00 
C192,123 477798 0.00 
C192,124 476105 0.00 
C192,125 460761 0.00 
C192,126 504669 0.00 
C192,127 474378 0.00 
C192,128 515880 0.00 
C192,129 523187 0.00 
C192,130 479662 0.00 
C192,131 501735 0.00 
C192,132 449260 0.00 
C192,133 473842 0.00 
C192,134 517799 0.00 
C192,135 481705 0.00 
C192,136 430599 0.00 
C192,137 471334 0.00 
C192,138 485222 0.00 
C192,139 484240 0.00 
C192,140 469199 0.00 
C192,141 489009 0.00 
C192,142 489342 0.00 
C192,143 526108 0.00 
C192,144 486275 0.00 
C192,145 479909 0.00 
C192,146 463197 0.00 
C192,147 514700 0.00 
C192,148 485434 0.00 
C192,149 501088 0.00 
C192,150 478644 0.00 
C192,151 487777 0.00 
C192,152 492428 0.00 
C192,153 514528 0.00 
C192,154 473845 0.00 
C192,155 514897 0.00 
C192,156 496015 0.00 
C192,157 542041 0.00 
C192,158 503450 0.00 
C192,159 458838 0.00 
C192,160 531931 0.00 
C192,161 491831 0.00 
C192,162 465765 0.00 
C192,163 478576 0.00 
C192,164 487561 0.00 
C192,165 441674 0.00 
C192,166 468365 0.00 
C192,167 436606 0.00 
C192,168 485148 0.00 
C192,169 468266 0.00 
C192,170 483038 0.00 
C192,171 491026 0.00 
C192,172 514185 0.00 
C192,173 488088 0.00 
C192,174 538686 0.00 
C192,175 488126 0.00 
C192,176 459284 0.00 
C192,177 478405 0.00 
C192,178 502936 0.00 
C192,179 503906 0.00 
C192,180 541916 0.00 
C192,181 485279 0.00 
C192,182 496503 0.00 
C192,183 491008 0.00 
C192,184 523888 0.00 
C192,185 479600 0.00 
C192,186 481505 0.00 
C192,187 488789 0.00 
C192,188 509259 0.00 
C192,189 458009 0.00 
C192,190 496125 0.00 
C192,191 477800 0.00 
C192,192 478097 0.00 
C192,193 488131 0.00 
C192,194 491390 0.00 
C192,195 415784 0.00 
C192,196 489566 0.00 
C192,197 493023 0.00 
C192,198 455980 0.00 
C192,199 476617 0.00 
C192,200 470422 0.00 
C193,1 475767 0.00 
C193,2 505727 0.00 
C193,3 463376 0.00 
C193,4 491207 0.00 
C193,5 470489 0.00 
C193,6 443800 0.00 
C193,7 488020 0.00 
C193,8 495790 0.00 
C193,9 474417 0.00 
C193,10 482900 0.00 
C193,11 498763 0.00 
C193,12 506474 0.00 
C193,13 484259 0.00 
C193,14 498233 0.00 
C193,15 540834 0.00 
C193,16 494930 0.00 
C193,17 490975 0.00 
C193,18 527994 0.00 
C193,19 536552 0.00 
C193,20 479399 0.00 
C193,21 467268 0.00 
C193,22 500496 0.00 
C193,23 486110 0.00 
C193,24 528511 0.00 
C193,25 479387 0.00 
C193,26 490342 0.00 
C193,27 511205 0.00 
C193,28 483027 0.00 
C193,29 509980 0.00 
C193,30 517168 0.00 
C193,31 541169 0.00 
C193,32 450499 0.00 
C193,33 486116 0.00 
C193,34 480293 0.00 
C193,35 498436 0.00 
C193,36 488805 0.00 
C193,37 478816 0.00 
C193,38 493839 0.00 
C193,39 496906 0.00 
C193,40 474044 0.00 
C193,41 478594 0.00 
C193,42 507598 0.00 
C193,43 506903 0.00 
C193,44 498745 0.00 
C193,45 479921 0.00 
C193,46 477208 0.00 
C193,47 490602 0.00 
C193,48 470233 0.00 
C193,49 508500 0.00 
C193,50 488985 0.00 
C193,51 467679 0.00 
C193,52 468873 0.00 
C193,53 474198 0.00 
C193,54 509705 0.00 
C193,55 501921 0.00 
C193,56 478695 0.00 
C193,57 471860 0.00 
C193,58 516516 0.00 
C193,59 480113 0.00 
C193,60 425729 0.00 
C193,61 498704 0.00 
C193,62 461318 0.00 
C193,63 487575 0.00 
C193,64 475498 0.00 
C193,65 501850 0.00 
C193,66 486971 0.00 
C193,67 519104 0.00 
C193,68 466530 0.00 
C193,69 449050 0.00 
C193,70 510512 0.00 
C193,71 504401 0.00 
C193,72 493981 0.00 
C193,73 477134 0.00 
C193,74 481166 0.00 
C193,75 460984 0.00 
C193,76 481943 0.00 
C193,77 457681 0.00 
C193,78 502081 0.00 
C193,79 498603 0.00 
C193,80 482516 0.00 
C193,81 500537 0.00 
C193,82 465038 0.00 
C193,83 484499 0.00 
C193,84 481672 0.00 
C193,85 492736 0.00 
C193,86 512588 0.00 
C193,87 517172 0.00 
C193,88 441806 0.00 
C193,89 466143 0.00 
C193,90 491119 0.00 
C193,91 456100 0.00 
C193,92 514467 0.00 
C193,93 514950 0.00 
C193,94 480350 0.00 
C193,95 504162 0.00 
C193,96 503380 0.00 
C193,97 472895 0.00 
C193,98 457236 0.00 
C193,99 451849 0.00 
C193,100 458784 0.00 
C193,101 494884 0.00 
C193,102 489032 0.00 
C193,103 488774 0.00 
C193,104 488235 0.00 
C193,105 462216 0.00 
C193,106 491010 0.00 
C193,107 484495 0.00 
C193,108 467566 0.00 
C193,109 529412 0.00 
C193,110 467000 0.00 
C193,111 484368 0.00 
C193,112 485199 0.00 
C193,113 461389 0.00 
C193,114 467670 0.00 
C193,115 527106 0.00 
C193,116 502862 0.00 
C193,117 451499 0.00 
C193,118 531228 0.00 
C193,119 495118 0.00 
C193,120 502874 0.00 
C193,121 484150 0.00 
C193,122 507823 0.00 
C193,123 492399 0.00 
C193,124 474683 0.00 
C193,125 465313 0.00 
C193,126 500889 0.00 
C193,127 500297 0.00 
C193,128 501420 0.00 
C193,129 524289 0.00 
C193,130 467309 0.00 
C193,131 495406 0.00 
C193,132 468220 0.00 
C193,133 480550 0.00 
C193,134 510247 0.00 
C193,135 488892 0.00 
C193,136 430563 0.00 
C193,137 477129 0.00 
C193,138 491497 0.00 
C193,139 485475 0.00 
C193,140 498375 0.00 
C193,141 493357 0.00 
C193,142 486994 0.00 
C193,143 518425 0.00 
C193,144 459952 0.00 
C193,145 493334 0.00 
C193,146 475001 0.00 
C193,147 535526 0.00 
C193,148 475269 0.00 
C193,149 501818 0.00 
C193,150 480412 0.00 
C193,151 502857 0.00 
C193,152 469844 0.00 
C193,153 519698 0.00 
C193,154 473473 0.00 
C193,155 486360 0.00 
C193,156 495980 0.00 
C193,157 533817 0.00 
C193,158 510435 0.00 
C193,159 443556 0.00 
C193,160 519927 0.00 
C193,161 511321 0.00 
C193,162 468993 0.00 
C193,163 466790 0.00 
C193,164 497041 0.00 
C193,165 464855 0.00 
C193,166 490072 0.00 
C193,167 461935 0.00 
C193,168 486758 0.00 
C193,169 489707 0.00 
C193,170 489207 0.00 
C193,171 462152 0.00 
C193,172 527898 0.00 
C193,173 477613 0.00 
C193,174 541742 0.00 
C193,175 490099 0.00 
C193,176 480150 0.00 
C193,177 479451 0.00 
C193,178 506642 0.00 
C193,179 522504 0.00 
C193,180 547287 0.00 
C193,181 516175 0.00 
C193,182 494526 0.00 
C193,183 505612 0.00 
C193,184 495750 0.00 
C193,185 497591 0.00 
C193,186 468502 0.00 
C193,187 494827 0.00 
C193,188 505095 0.00 
C193,189 451402 0.00 
C193,190 491416 0.00 
C193,191 457401 0.00 
C193,192 500804 0.00 
C193,193 483214 0.00 
C193,194 495296 0.00 
C193,195 415122 0.00 
C193,196 498364 0.00 
C193,197 499612 0.00 
C193,198 472387 0.00 
C193,199 462867 0.00 
C193,200 479774 0.00 
C194,1 441587 0.00 
C194,2 455379 0.00 
C194,3 452991 0.00 
C194,4 470598 0.00 
C194,5 464875 0.00 
C194,6 428147 0.00 
C194,7 472417 0.00 
C194,8 490207 0.00 
C194,9 455718 0.00 
C194,10 495541 0.00 
C194,11 480229 0.00 
C194,12 485001 0.00 
C194,13 465097 0.00 
C194,14 487020 0.00 
C194,15 511645 0.00 
C194,16 480064 0.00 
C194,17 457865 0.00 
C194,18 498871 0.00 
C194,19 519004 0.00 
C194,20 480727 0.00 
C194,21 461402 0.00 
C194,22 474107 0.00 
C194,23 490097 0.00 
C194,24 508314 0.00 
C194,25 453283 0.00 
C194,26 471263 0.00 
C194,27 490868 0.00 
C194,28 449779 0.00 
C194,29 506666 0.00 
C194,30 502094 0.00 
C194,31 499522 0.00 
C194,32 464862 0.00 
C194,33 504740 0.00 
C194,34 457216 0.00 
C194,35 471856 0.00 
C194,36 464051 0.00 
C194,37 481048 0.00 
C194,38 468035 0.00 
C194,39 482969 0.00 
C194,40 468355 0.00 
C194,41 469313 0.00 
C194,42 461539 0.00 
C194,43 461216 0.00 
C194,44 483769 0.00 
C194,45 476500 0.00 
C194,46 456953 0.00 
C194,47 477819 0.00 
C194,48 461876 0.00 
C194,49 496487 0.00 
C194,50 498903 0.00 
C194,51 455267 0.00 
C194,52 488926 0.00 
C194,53 492968 0.00 
C194,54 514650 0.00 
C194,55 503362 0.00 
C194,56 480390 0.00 
C194,57 460432 0.00 
C194,58 499912 0.00 
C194,59 451133 0.00 
C194,60 408526 0.00 
C194,61 486379 0.00 
C194,62 432053 0.00 
C194,63 462787 0.00 
C194,64 476548 0.00 
C194,65 485703 0.00 
C194,66 483789 0.00 
C194,67 493656 0.00 
C194,68 452932 0.00 
C194,69 446508 0.00 
C194,70 486170 0.00 
C194,71 456119 0.00 
C194,72 464212 0.00 
C194,73 480020 0.00 
C194,74 440085 0.00 
C194,75 458569 0.00 
C194,76 484907 0.00 
C194,77 444094 0.00 
C194,78 472328 0.00 
C194,79 467549 0.00 
C194,80 467753 0.00 
C194,81 477755 0.00 
C194,82 451978 0.00 
C194,83 460983 0.00 
C194,84 439474 0.00 
C194,85 463280 0.00 
C194,86 524433 0.00 
C194,87 509710 0.00 
C194,88 425403 0.00 
C194,89 425768 0.00 
C194,90 483320 0.00 
C194,91 443889 0.00 
C194,92 472098 0.00 
C194,93 473955 0.00 
C194,94 479335 0.00 
C194,95 479829 0.00 
C194,96 478944 0.00 
C194,97 482830 0.00 
C194,98 448882 0.00 
C194,99 447082 0.00 
C194,100 445502 0.00 
C194,101 491645 0.00 
C194,102 473057 0.00 
C194,103 466051 0.00 
C194,104 455505 0.00 
C194,105 447406 0.00 
C194,106 486599 0.00 
C194,107 456348 0.00 
C194,108 473783 0.00 
C194,109 495364 0.00 
C194,110 444978 0.00 
C194,111 437772 0.00 
C194,112 470435 0.00 
C194,113 436309 0.00 
C194,114 463005 0.00 
C194,115 485218 0.00 
C194,116 465867 0.00 
C194,117 433355 0.00 
C194,118 509236 0.00 
C194,119 469413 0.00 
C194,120 497835 0.00 
C194,121 466046 0.00 
C194,122 502446 0.00 
C194,123 503851 0.00 
C194,124 460586 0.00 
C194,125 465960 0.00 
C194,126 471931 0.00 
C194,127 502193 0.00 
C194,128 476762 0.00 
C194,129 500911 0.00 
C194,130 460280 0.00 
C194,131 466165 0.00 
C194,132 445894 0.00 
C194,133 460339 0.00 
C194,134 482559 0.00 
C194,135 457081 0.00 
C194,136 436355 0.00 
C194,137 455313 0.00 
C194,138 460977 0.00 
C194,139 477189 0.00 
C194,140 427330 0.00 
C194,141 469921 0.00 
C194,142 475846 0.00 
C194,143 516743 0.00 
C194,144 470082 0.00 
C194,145 477622 0.00 
C194,146 444550 0.00 
C194,147 501804 0.00 
C194,148 442911 0.00 
C194,149 483531 0.00 
C194,150 463162 0.00 
C194,151 492335 0.00 
C194,152 460634 0.00 
C194,153 500331 0.00 
C194,154 457445 0.00 
C194,155 476185 0.00 
C194,156 460966 0.00 
C194,157 501749 0.00 
C194,158 477316 0.00 
C194,159 448030 0.00 
C194,160 524361 0.00 
C194,161 484463 0.00 
C194,162 453894 0.00 
C194,163 456111 0.00 
C194,164 469997 0.00 
C194,165 414739 0.00 
C194,166 443412 0.00 
C194,167 442902 0.00 
C194,168 487601 0.00 
C194,169 454506 0.00 
C194,170 453834 0.00 
C194,171 447029 0.00 
C194,172 521983 0.00 
C194,173 450542 0.00 
C194,174 521368 0.00 
C194,175 461223 0.00 
C194,176 455991 0.00 
C194,177 456862 0.00 
C194,178 499275 0.00 
C194,179 509136 0.00 
C194,180 519018 0.00 
C194,181 505880 0.00 
C194,182 500035 0.00 
C194,183 477350 0.00 
C194,184 485015 0.00 
C194,185 465304 0.00 
C194,186 458878 0.00 
C194,187 477736 0.00 
C194,188 467279 0.00 
C194,189 409559 0.00 
C194,190 482442 0.00 
C194,191 433654 0.00 
C194,192 477806 0.00 
C194,193 475247 0.00 
C194,194 501507 0.00 
C194,195 424444 0.00 
C194,196 453341 0.00 
C194,197 500561 0.00 
C194,198 450327 0.00 
C194,199 494639 0.00 
C194,200 474404 0.00 
C195,1 452073 0.00 
C195,2 481796 0.00 
C195,3 451022 0.00 
C195,4 479797 0.00 
C195,5 456585 0.00 
C195,6 445598 0.00 
C195,7 531984 0.00 
C195,8 526351 0.00 
C195,9 494321 0.00 
C195,10 505160 0.00 
C195,11 498095 0.00 
C195,12 513721 0.00 
C195,13 486797 0.00 
C195,14 484856 0.00 
C195,15 521542 0.00 
C195,16 487308 0.00 
C195,17 473721 0.00 
C195,18 509925 0.00 
C195,19 489185 0.00 
C195,20 476806 0.00 
C195,21 471953 0.00 
C195,22 487797 0.00 
C195,23 504713 0.00 
C195,24 522341 0.00 
C195,25 482377 0.00 
C195,26 483400 0.00 
C195,27 498278 0.00 
C195,28 473214 0.00 
C195,29 535628 0.00 
C195,30 492330 0.00 
C195,31 525683 0.00 
C195,32 482667 0.00 
C195,33 489131 0.00 
C195,34 463822 0.00 
C195,35 492521 0.00 
C195,36 481226 0.00 
C195,37 491922 0.00 
C195,38 464386 0.00 
C195,39 492261 0.00 
C195,40 479276 0.00 
C195,41 513450 0.00 
C195,42 459782 0.00 
C195,43 481972 0.00 
C195,44 470248 0.00 
C195,45 479731 0.00 
C195,46 480914 0.00 
C195,47 497073 0.00 
C195,48 457104 0.00 
C195,49 507915 0.00 
C195,50 494497 0.00 
C195,51 470596 0.00 
C195,52 490490 0.00 
C195,53 489791 0.00 
C195,54 514147 0.00 
C195,55 492257 0.00 
C195,56 504764 0.00 
C195,57 479733 0.00 
C195,58 500605 0.00 
C195,59 470602 0.00 
C195,60 416608 0.00 
C195,61 506423 0.00 
C195,62 434102 0.00 
C195,63 527009 0.00 
C195,64 498440 0.00 
C195,65 494473 0.00 
C195,66 506102 0.00 
C195,67 497842 0.00 
C195,68 505431 0.00 
C195,69 472984 0.00 
C195,70 518509 0.00 
C195,71 484215 0.00 
C195,72 477393 0.00 
C195,73 507221 0.00 
C195,74 463994 0.00 
C195,75 463452 0.00 
C195,76 491195 0.00 
C195,77 488794 0.00 
C195,78 490420 0.00 
C195,79 487604 0.00 
C195,80 493272 0.00 
C195,81 483660 0.00 
C195,82 480775 0.00 
C195,83 475416 0.00 
C195,84 450383 0.00 
C195,85 465902 0.00 
C195,86 517786 0.00 
C195,87 527766 0.00 
C195,88 466827 0.00 
C195,89 463000 0.00 
C195,90 469050 0.00 
C195,91 486097 0.00 
C195,92 478870 0.00 
C195,93 496180 0.00 
C195,94 461155 0.00 
C195,95 502399 0.00 
C195,96 495196 0.00 
C195,97 484170 0.00 
C195,98 453139 0.00 
C195,99 434048 0.00 
C195,100 481711 0.00 
C195,101 496211 0.00 
C195,102 467802 0.00 
C195,103 475745 0.00 
C195,104 493156 0.00 
C195,105 471558 0.00 
C195,106 492587 0.00 
C195,107 461131 0.00 
C195,108 488792 0.00 
C195,109 488555 0.00 
C195,110 434912 0.00 
C195,111 453102 0.00 
C195,112 478312 0.00 
C195,113 432464 0.00 
C195,114 464146 0.00 
C195,115 509581 0.00 
C195,116 490173 0.00 
C195,117 439544 0.00 
C195,118 514843 0.00 
C195,119 464705 0.00 
C195,120 512193 0.00 
C195,121 466446 0.00 
C195,122 516822 0.00 
C195,123 512156 0.00 
C195,124 485143 0.00 
C195,125 475307 0.00 
C195,126 481678 0.00 
C195,127 485127 0.00 
C195,128 512487 0.00 
C195,129 526248 0.00 
C195,130 467266 0.00 
C195,131 484130 0.00 
C195,132 468834 0.00 
C195,133 474906 0.00 
C195,134 492667 0.00 
C195,135 449409 0.00 
C195,136 421809 0.00 
C195,137 467586 0.00 
C195,138 478359 0.00 
C195,139 518942 0.00 
C195,140 474113 0.00 
C195,141 507833 0.00 
C195,142 477664 0.00 
C195,143 523319 0.00 
C195,144 476706 0.00 
C195,145 472970 0.00 
C195,146 462293 0.00 
C195,147 520366 0.00 
C195,148 451147 0.00 
C195,149 493072 0.00 
C195,150 467857 0.00 
C195,151 507099 0.00 
C195,152 467135 0.00 
C195,153 509768 0.00 
C195,154 455750 0.00 
C195,155 489156 0.00 
C195,156 464259 0.00 
C195,157 502829 0.00 
C195,158 509165 0.00 
C195,159 435961 0.00 
C195,160 534598 0.00 
C195,161 474986 0.00 
C195,162 481775 0.00 
C195,163 470781 0.00 
C195,164 477949 0.00 
C195,165 417829 0.00 
C195,166 488956 0.00 
C195,167 449976 0.00 
C195,168 469556 0.00 
C195,169 472261 0.00 
C195,170 474031 0.00 
C195,171 478687 0.00 
C195,172 518324 0.00 
C195,173 487209 0.00 
C195,174 519709 0.00 
C195,175 483790 0.00 
C195,176 449048 0.00 
C195,177 462911 0.00 
C195,178 509317 0.00 
C195,179 519255 0.00 
C195,180 537323 0.00 
C195,181 510216 0.00 
C195,182 550654 0.00 
C195,183 502623 0.00 
C195,184 472760 0.00 
C195,185 490053 0.00 
C195,186 482081 0.00 
C195,187 482351 0.00 
C195,188 480109 0.00 
C195,189 442623 0.00 
C195,190 509089 0.00 
C195,191 481998 0.00 
C195,192 478247 0.00 
C195,193 485365 0.00 
C195,194 501421 0.00 
C195,195 429865 0.00 
C195,196 492551 0.00 
C195,197 491544 0.00 
C195,198 481193 0.00 
C195,199 484222 0.00 
C195,200 469124 0.00 
C196,1 509899 0.00 
C196,2 527801 0.00 
C196,3 502528 0.00 
C196,4 514110 0.00 
C196,5 478506 0.00 
C196,6 468340 0.00 
C196,7 536229 0.00 
C196,8 538244 0.00 
C196,9 506089 0.00 
C196,10 546981 0.00 
C196,11 532384 0.00 
C196,12 523151 0.00 
C196,13 488900 0.00 
C196,14 530767 0.00 
C196,15 548283 0.00 
C196,16 538591 0.00 
C196,17 504503 0.00 
C196,18 563037 0.00 
C196,19 557000 0.00 
C196,20 501810 0.00 
C196,21 496679 0.00 
C196,22 497654 0.00 
C196,23 509390 0.00 
C196,24 566683 0.00 
C196,25 525166 0.00 
C196,26 518713 0.00 
C196,27 503028 0.00 
C196,28 488078 0.00 
C196,29 573217 0.00 
C196,30 524693 0.00 
C196,31 580659 0.00 
C196,32 493038 0.00 
C196,33 526494 0.00 
C196,34 511582 0.00 
C196,35 518357 0.00 
C196,36 523145 0.00 
C196,37 513418 0.00 
C196,38 504053 0.00 
C196,39 515867 0.00 
C196,40 517571 0.00 
C196,41 499101 0.00 
C196,42 502059 0.00 
C196,43 524157 0.00 
C196,44 507783 0.00 
C196,45 537326 0.00 
C196,46 529876 0.00 
C196,47 525894 0.00 
C196,48 496087 0.00 
C196,49 527105 0.00 
C196,50 510731 0.00 
C196,51 492114 0.00 
C196,52 515212 0.00 
C196,53 497014 0.00 
C196,54 533819 0.00 
C196,55 524096 0.00 
C196,56 527020 0.00 
C196,57 514853 0.00 
C196,58 520205 0.00 
C196,59 517094 0.00 
C196,60 467842 0.00 
C196,61 541079 0.00 
C196,62 488885 0.00 
C196,63 524737 0.00 
C196,64 513367 0.00 
C196,65 562738 0.00 
C196,66 548128 0.00 
C196,67 502133 0.00 
C196,68 518625 0.00 
C196,69 485978 0.00 
C196,70 523872 0.00 
C196,71 534411 0.00 
C196,72 523784 0.00 
C196,73 524229 0.00 
C196,74 497915 0.00 
C196,75 511850 0.00 
C196,76 535587 0.00 
C196,77 509686 0.00 
C196,78 533726 0.00 
C196,79 525326 0.00 
C196,80 488086 0.00 
C196,81 508859 0.00 
C196,82 500961 0.00 
C196,83 527379 0.00 
C196,84 514976 0.00 
C196,85 513979 0.00 
C196,86 559723 0.00 
C196,87 551979 0.00 
C196,88 469980 0.00 
C196,89 491462 0.00 
C196,90 509915 0.00 
C196,91 483426 0.00 
C196,92 514346 0.00 
C196,93 522160 0.00 
C196,94 498057 0.00 
C196,95 514167 0.00 
C196,96 540735 0.00 
C196,97 534769 0.00 
C196,98 516100 0.00 
C196,99 490169 0.00 
C196,100 499938 0.00 
C196,101 517043 0.00 
C196,102 524932 0.00 
C196,103 537544 0.00 
C196,104 524019 0.00 
C196,105 499811 0.00 
C196,106 557377 0.00 
C196,107 508686 0.00 
C196,108 512545 0.00 
C196,109 541166 0.00 
C196,110 478220 0.00 
C196,111 519810 0.00 
C196,112 500898 0.00 
C196,113 491443 0.00 
C196,114 496787 0.00 
C196,115 521849 0.00 
C196,116 501428 0.00 
C196,117 475039 0.00 
C196,118 581461 0.00 
C196,119 503148 0.00 
C196,120 535791 0.00 
C196,121 512318 0.00 
C196,122 545564 0.00 
C196,123 523938 0.00 
C196,124 522555 0.00 
C196,125 505715 0.00 
C196,126 506591 0.00 
C196,127 513531 0.00 
C196,128 553055 0.00 
C196,129 564517 0.00 
C196,130 505572 0.00 
C196,131 513589 0.00 
C196,132 476180 0.00 
C196,133 522295 0.00 
C196,134 545772 0.00 
C196,135 485067 0.00 
C196,136 428995 0.00 
C196,137 509600 0.00 
C196,138 526073 0.00 
C196,139 521555 0.00 
C196,140 515498 0.00 
C196,141 527556 0.00 
C196,142 491600 0.00 
C196,143 536088 0.00 
C196,144 505526 0.00 
C196,145 504424 0.00 
C196,146 499222 0.00 
C196,147 568939 0.00 
C196,148 497441 0.00 
C196,149 531463 0.00 
C196,150 500894 0.00 
C196,151 516804 0.00 
C196,152 521290 0.00 
C196,153 534156 0.00 
C196,154 504918 0.00 
C196,155 540627 0.00 
C196,156 532910 0.00 
C196,157 583730 0.00 
C196,158 534561 0.00 
C196,159 473135 0.00 
C196,160 543949 0.00 
C196,161 521182 0.00 
C196,162 497256 0.00 
C196,163 529818 0.00 
C196,164 518518 0.00 
C196,165 480590 0.00 
C196,166 513964 0.00 
C196,167 505222 0.00 
C196,168 533262 0.00 
C196,169 497107 0.00 
C196,170 523058 0.00 
C196,171 513356 0.00 
C196,172 554049 0.00 
C196,173 505841 0.00 
C196,174 551611 0.00 
C196,175 491043 0.00 
C196,176 507528 0.00 
C196,177 487779 0.00 
C196,178 542408 0.00 
C196,179 540110 0.00 
C196,180 576367 0.00 
C196,181 544281 0.00 
C196,182 566565 0.00 
C196,183 531086 0.00 
C196,184 500232 0.00 
C196,185 517411 0.00 
C196,186 525102 0.00 
C196,187 512853 0.00 
C196,188 544003 0.00 
C196,189 483772 0.00 
C196,190 520215 0.00 
C196,191 516719 0.00 
C196,192 503464 0.00 
C196,193 528122 0.00 
C196,194 544606 0.00 
C196,195 448895 0.00 
C196,196 519716 0.00 
C196,197 540552 0.00 
C196,198 504008 0.00 
C196,199 523952 0.00 
C196,200 478527 0.00 
C197,1 484160 0.00 
C197,2 526883 0.00 
C197,3 495719 0.00 
C197,4 515783 0.00 
C197,5 515896 0.00 
C197,6 489728 0.00 
C197,7 534039 0.00 
C197,8 545345 0.00 
C197,9 483601 0.00 
C197,10 529853 0.00 
C197,11 529536 0.00 
C197,12 513700 0.00 
C197,13 493039 0.00 
C197,14 483169 0.00 
C197,15 565059 0.00 
C197,16 506683 0.00 
C197,17 518363 0.00 
C197,18 552582 0.00 
C197,19 551597 0.00 
C197,20 491793 0.00 
C197,21 483130 0.00 
C197,22 526960 0.00 
C197,23 525223 0.00 
C197,24 551229 0.00 
C197,25 504774 0.00 
C197,26 503188 0.00 
C197,27 519728 0.00 
C197,28 492403 0.00 
C197,29 558354 0.00 
C197,30 551668 0.00 
C197,31 555334 0.00 
C197,32 492926 0.00 
C197,33 521005 0.00 
C197,34 493309 0.00 
C197,35 537436 0.00 
C197,36 536066 0.00 
C197,37 517632 0.00 
C197,38 513979 0.00 
C197,39 510643 0.00 
C197,40 518494 0.00 
C197,41 500384 0.00 
C197,42 479544 0.00 
C197,43 514588 0.00 
C197,44 519205 0.00 
C197,45 509633 0.00 
C197,46 521852 0.00 
C197,47 506635 0.00 
C197,48 515226 0.00 
C197,49 542112 0.00 
C197,50 521042 0.00 
C197,51 494061 0.00 
C197,52 515769 0.00 
C197,53 513440 0.00 
C197,54 537606 0.00 
C197,55 525313 0.00 
C197,56 525496 0.00 
C197,57 495315 0.00 
C197,58 536674 0.00 
C197,59 490061 0.00 
C197,60 462987 0.00 
C197,61 533962 0.00 
C197,62 485776 0.00 
C197,63 525252 0.00 
C197,64 506085 0.00 
C197,65 544360 0.00 
C197,66 529774 0.00 
C197,67 527126 0.00 
C197,68 519651 0.00 
C197,69 491329 0.00 
C197,70 535079 0.00 
C197,71 505078 0.00 
C197,72 519067 0.00 
C197,73 512632 0.00 
C197,74 484937 0.00 
C197,75 500395 0.00 
C197,76 507913 0.00 
C197,77 508166 0.00 
C197,78 520118 0.00 
C197,79 503852 0.00 
C197,80 512163 0.00 
C197,81 495610 0.00 
C197,82 497510 0.00 
C197,83 504991 0.00 
C197,84 466850 0.00 
C197,85 487622 0.00 
C197,86 543949 0.00 
C197,87 540537 0.00 
C197,88 474542 0.00 
C197,89 479780 0.00 
C197,90 510938 0.00 
C197,91 508747 0.00 
C197,92 504188 0.00 
C197,93 518659 0.00 
C197,94 490062 0.00 
C197,95 535515 0.00 
C197,96 533339 0.00 
C197,97 527818 0.00 
C197,98 476658 0.00 
C197,99 451538 0.00 
C197,100 511630 0.00 
C197,101 521923 0.00 
C197,102 514467 0.00 
C197,103 519527 0.00 
C197,104 520693 0.00 
C197,105 498507 0.00 
C197,106 540293 0.00 
C197,107 484166 0.00 
C197,108 502259 0.00 
C197,109 546788 0.00 
C197,110 469417 0.00 
C197,111 467579 0.00 
C197,112 511482 0.00 
C197,113 465354 0.00 
C197,114 505162 0.00 
C197,115 543744 0.00 
C197,116 522964 0.00 
C197,117 476749 0.00 
C197,118 572960 0.00 
C197,119 520097 0.00 
C197,120 545512 0.00 
C197,121 494686 0.00 
C197,122 533950 0.00 
C197,123 513481 0.00 
C197,124 529447 0.00 
C197,125 507920 0.00 
C197,126 519023 0.00 
C197,127 522608 0.00 
C197,128 507667 0.00 
C197,129 547474 0.00 
C197,130 486952 0.00 
C197,131 508118 0.00 
C197,132 467921 0.00 
C197,133 511871 0.00 
C197,134 537274 0.00 
C197,135 473302 0.00 
C197,136 442417 0.00 
C197,137 512037 0.00 
C197,138 485870 0.00 
C197,139 508885 0.00 
C197,140 503671 0.00 
C197,141 520678 0.00 
C197,142 517232 0.00 
C197,143 546161 0.00 
C197,144 505831 0.00 
C197,145 515849 0.00 
C197,146 474529 0.00 
C197,147 549306 0.00 
C197,148 519001 0.00 
C197,149 519350 0.00 
C197,150 490864 0.00 
C197,151 535297 0.00 
C197,152 496970 0.00 
C197,153 515097 0.00 
C197,154 499060 0.00 
C197,155 551238 0.00 
C197,156 505196 0.00 
C197,157 548191 0.00 
C197,158 518684 0.00 
C197,159 484793 0.00 
C197,160 550650 0.00 
C197,161 513940 0.00 
C197,162 517410 0.00 
C197,163 484780 0.00 
C197,164 492068 0.00 
C197,165 438126 0.00 
C197,166 527947 0.00 
C197,167 493764 0.00 
C197,168 521616 0.00 
C197,169 496116 0.00 
C197,170 509014 0.00 
C197,171 514371 0.00 
C197,172 561533 0.00 
C197,173 489914 0.00 
C197,174 547323 0.00 
C197,175 504882 0.00 
C197,176 493757 0.00 
C197,177 499625 0.00 
C197,178 530897 0.00 
C197,179 550182 0.00 
C197,180 570175 0.00 
C197,181 553758 0.00 
C197,182 554752 0.00 
C197,183 536262 0.00 
C197,184 490160 0.00 
C197,185 523273 0.00 
C197,186 529119 0.00 
C197,187 516297 0.00 
C197,188 521150 0.00 
C197,189 474507 0.00 
C197,190 515359 0.00 
C197,191 476563 0.00 
C197,192 515109 0.00 
C197,193 494292 0.00 
C197,194 534758 0.00 
C197,195 453780 0.00 
C197,196 506737 0.00 
C197,197 540523 0.00 
C197,198 497972 0.00 
C197,199 502953 0.00 
C197,200 487885 0.00 
C198,1 445217 0.00 
C198,2 520785 0.00 
C198,3 481647 0.00 
C198,4 496861 0.00 
C198,5 478578 0.00 
C198,6 446834 0.00 
C198,7 498514 0.00 
C198,8 522769 0.00 
C198,9 494443 0.00 
C198,10 530643 0.00 
C198,11 513965 0.00 
C198,12 508703 0.00 
C198,13 493494 0.00 
C198,14 487174 0.00 
C198,15 542775 0.00 
C198,16 510722 0.00 
C198,17 488960 0.00 
C198,18 554620 0.00 
C198,19 540140 0.00 
C198,20 506620 0.00 
C198,21 464292 0.00 
C198,22 505452 0.00 
C198,23 506826 0.00 
C198,24 530755 0.00 
C198,25 518283 0.00 
C198,26 499677 0.00 
C198,27 526308 0.00 
C198,28 459568 0.00 
C198,29 526002 0.00 
C198,30 534573 0.00 
C198,31 543706 0.00 
C198,32 485493 0.00 
C198,33 500699 0.00 
C198,34 501418 0.00 
C198,35 506474 0.00 
C198,36 491799 0.00 
C198,37 493062 0.00 
C198,38 508979 0.00 
C198,39 509406 0.00 
C198,40 498285 0.00 
C198,41 487023 0.00 
C198,42 497419 0.00 
C198,43 485292 0.00 
C198,44 520237 0.00 
C198,45 505752 0.00 
C198,46 502978 0.00 
C198,47 504147 0.00 
C198,48 464459 0.00 
C198,49 500179 0.00 
C198,50 508330 0.00 
C198,51 476182 0.00 
C198,52 500608 0.00 
C198,53 481374 0.00 
C198,54 502091 0.00 
C198,55 523996 0.00 
C198,56 525477 0.00 
C198,57 464131 0.00 
C198,58 515745 0.00 
C198,59 498851 0.00 
C198,60 456593 0.00 
C198,61 534715 0.00 
C198,62 477673 0.00 
C198,63 502742 0.00 
C198,64 496873 0.00 
C198,65 531419 0.00 
C198,66 491470 0.00 
C198,67 500443 0.00 
C198,68 515965 0.00 
C198,69 492025 0.00 
C198,70 511821 0.00 
C198,71 504357 0.00 
C198,72 503406 0.00 
C198,73 510932 0.00 
C198,74 488667 0.00 
C198,75 472832 0.00 
C198,76 513007 0.00 
C198,77 482404 0.00 
C198,78 514145 0.00 
C198,79 483514 0.00 
C198,80 478469 0.00 
C198,81 492865 0.00 
C198,82 464356 0.00 
C198,83 489058 0.00 
C198,84 486878 0.00 
C198,85 489185 0.00 
C198,86 524923 0.00 
C198,87 540202 0.00 
C198,88 485515 0.00 
C198,89 453210 0.00 
C198,90 489040 0.00 
C198,91 477051 0.00 
C198,92 505676 0.00 
C198,93 495629 0.00 
C198,94 473060 0.00 
C198,95 515386 0.00 
C198,96 502884 0.00 
C198,97 525626 0.00 
C198,98 484739 0.00 
C198,99 457909 0.00 
C198,100 472724 0.00 
C198,101 515194 0.00 
C198,102 507311 0.00 
C198,103 483702 0.00 
C198,104 515101 0.00 
C198,105 478772 0.00 
C198,106 518002 0.00 
C198,107 470649 0.00 
C198,108 504620 0.00 
C198,109 529852 0.00 
C198,110 500166 0.00 
C198,111 459445 0.00 
C198,112 506455 0.00 
C198,113 459761 0.00 
C198,114 497007 0.00 
C198,115 526027 0.00 
C198,116 509647 0.00 
C198,117 452084 0.00 
C198,118 560630 0.00 
C198,119 479042 0.00 
C198,120 521576 0.00 
C198,121 506971 0.00 
C198,122 528384 0.00 
C198,123 480191 0.00 
C198,124 491347 0.00 
C198,125 505070 0.00 
C198,126 525460 0.00 
C198,127 508506 0.00 
C198,128 489868 0.00 
C198,129 526397 0.00 
C198,130 484157 0.00 
C198,131 516819 0.00 
C198,132 463041 0.00 
C198,133 486793 0.00 
C198,134 487767 0.00 
C198,135 477144 0.00 
C198,136 428567 0.00 
C198,137 498239 0.00 
C198,138 478854 0.00 
C198,139 515336 0.00 
C198,140 487117 0.00 
C198,141 497752 0.00 
C198,142 491127 0.00 
C198,143 552879 0.00 
C198,144 491193 0.00 
C198,145 498564 0.00 
C198,146 470018 0.00 
C198,147 542998 0.00 
C198,148 478787 0.00 
C198,149 514029 0.00 
C198,150 495884 0.00 
C198,151 523944 0.00 
C198,152 503677 0.00 
C198,153 510024 0.00 
C198,154 483822 0.00 
C198,155 495213 0.00 
C198,156 509696 0.00 
C198,157 522154 0.00 
C198,158 501432 0.00 
C198,159 473873 0.00 
C198,160 527431 0.00 
C198,161 488731 0.00 
C198,162 487398 0.00 
C198,163 493608 0.00 
C198,164 483700 0.00 
C198,165 440783 0.00 
C198,166 506928 0.00 
C198,167 469882 0.00 
C198,168 506537 0.00 
C198,169 481123 0.00 
C198,170 487859 0.00 
C198,171 464511 0.00 
C198,172 539496 0.00 
C198,173 484331 0.00 
C198,174 520218 0.00 
C198,175 480080 0.00 
C198,176 484151 0.00 
C198,177 487574 0.00 
C198,178 508718 0.00 
C198,179 523254 0.00 
C198,180 544057 0.00 
C198,181 521721 0.00 
C198,182 544764 0.00 
C198,183 526696 0.00 
C198,184 472678 0.00 
C198,185 494327 0.00 
C198,186 507782 0.00 
C198,187 503405 0.00 
C198,188 509774 0.00 
C198,189 462701 0.00 
C198,190 521030 0.00 
C198,191 470968 0.00 
C198,192 486604 0.00 
C198,193 491810 0.00 
C198,194 500840 0.00 
C198,195 462533 0.00 
C198,196 498727 0.00 
C198,197 521758 0.00 
C198,198 511457 0.00 
C198,199 526756 0.00 
C198,200 468657 0.00 
C199,1 461691 0.00 
C199,2 453847 0.00 
C199,3 459820 0.00 
C199,4 475123 0.00 
C199,5 468610 0.00 
C199,6 427466 0.00 
C199,7 501206 0.00 
C199,8 496530 0.00 
C199,9 463159 0.00 
C199,10 496731 0.00 
C199,11 505865 0.00 
C199,12 486035 0.00 
C199,13 465950 0.00 
C199,14 475680 0.00 
C199,15 526752 0.00 
C199,16 468216 0.00 
C199,17 485131 0.00 
C199,18 519534 0.00 
C199,19 510406 0.00 
C199,20 473841 0.00 
C199,21 460635 0.00 
C199,22 486600 0.00 
C199,23 469798 0.00 
C199,24 524088 0.00 
C199,25 473616 0.00 
C199,26 474615 0.00 
C199,27 484859 0.00 
C199,28 443289 0.00 
C199,29 518081 0.00 
C199,30 490812 0.00 
C199,31 515079 0.00 
C199,32 465953 0.00 
C199,33 462149 0.00 
C199,34 455873 0.00 
C199,35 475797 0.00 
C199,36 449861 0.00 
C199,37 458569 0.00 
C199,38 479011 0.00 
C199,39 495175 0.00 
C199,40 463199 0.00 
C199,41 464816 0.00 
C199,42 471121 0.00 
C199,43 472833 0.00 
C199,44 491245 0.00 
C199,45 482217 0.00 
C199,46 452460 0.00 
C199,47 477201 0.00 
C199,48 461006 0.00 
C199,49 494001 0.00 
C199,50 468072 0.00 
C199,51 458001 0.00 
C199,52 486203 0.00 
C199,53 472177 0.00 
C199,54 490381 0.00 
C199,55 481066 0.00 
C199,56 478890 0.00 
C199,57 449752 0.00 
C199,58 501458 0.00 
C199,59 443307 0.00 
C199,60 424244 0.00 
C199,61 502582 0.00 
C199,62 431651 0.00 
C199,63 470763 0.00 
C199,64 487510 0.00 
C199,65 489641 0.00 
C199,66 499129 0.00 
C199,67 498876 0.00 
C199,68 479037 0.00 
C199,69 448740 0.00 
C199,70 497417 0.00 
C199,71 470538 0.00 
C199,72 488255 0.00 
C199,73 480076 0.00 
C199,74 472839 0.00 
C199,75 452375 0.00 
C199,76 470746 0.00 
C199,77 477517 0.00 
C199,78 489536 0.00 
C199,79 489883 0.00 
C199,80 468405 0.00 
C199,81 459912 0.00 
C199,82 430857 0.00 
C199,83 464067 0.00 
C199,84 471040 0.00 
C199,85 431147 0.00 
C199,86 533207 0.00 
C199,87 508110 0.00 
C199,88 447291 0.00 
C199,89 453606 0.00 
C199,90 449949 0.00 
C199,91 453146 0.00 
C199,92 471650 0.00 
C199,93 484143 0.00 
C199,94 448819 0.00 
C199,95 493222 0.00 
C199,96 485335 0.00 
C199,97 468713 0.00 
C199,98 466643 0.00 
C199,99 426636 0.00 
C199,100 472273 0.00 
C199,101 474050 0.00 
C199,102 485209 0.00 
C199,103 466358 0.00 
C199,104 462953 0.00 
C199,105 469843 0.00 
C199,106 491791 0.00 
C199,107 464046 0.00 
C199,108 472018 0.00 
C199,109 505134 0.00 
C199,110 446159 0.00 
C199,111 431185 0.00 
C199,112 476434 0.00 
C199,113 424057 0.00 
C199,114 495774 0.00 
C199,115 498858 0.00 
C199,116 494426 0.00 
C199,117 411473 0.00 
C199,118 516302 0.00 
C199,119 502977 0.00 
C199,120 488107 0.00 
C199,121 465318 0.00 
C199,122 472919 0.00 
C199,123 480262 0.00 
C199,124 497398 0.00 
C199,125 479616 0.00 
C199,126 483055 0.00 
C199,127 466004 0.00 
C199,128 491327 0.00 
C199,129 510142 0.00 
C199,130 473331 0.00 
C199,131 482655 0.00 
C199,132 463896 0.00 
C199,133 490125 0.00 
C199,134 464958 0.00 
C199,135 457989 0.00 
C199,136 431336 0.00 
C199,137 451231 0.00 
C199,138 476430 0.00 
C199,139 474116 0.00 
C199,140 459624 0.00 
C199,141 490691 0.00 
C199,142 481711 0.00 
C199,143 517983 0.00 
C199,144 473811 0.00 
C199,145 469381 0.00 
C199,146 448049 0.00 
C199,147 520267 0.00 
C199,148 473346 0.00 
C199,149 503301 0.00 
C199,150 470920 0.00 
C199,151 499307 0.00 
C199,152 455667 0.00 
C199,153 487032 0.00 
C199,154 457505 0.00 
C199,155 480725 0.00 
C199,156 446431 0.00 
C199,157 512169 0.00 
C199,158 491842 0.00 
C199,159 447139 0.00 
C199,160 499990 0.00 
C199,161 482709 0.00 
C199,162 474562 0.00 
C199,163 463124 0.00 
C199,164 485681 0.00 
C199,165 439010 0.00 
C199,166 485206 0.00 
C199,167 462517 0.00 
C199,168 477210 0.00 
C199,169 463327 0.00 
C199,170 469262 0.00 
C199,171 445441 0.00 
C199,172 502330 0.00 
C199,173 471783 0.00 
C199,174 528301 0.00 
C199,175 469313 0.00 
C199,176 462074 0.00 
C199,177 484882 0.00 
C199,178 473416 0.00 
C199,179 474212 0.00 
C199,180 521891 0.00 
C199,181 500515 0.00 
C199,182 511289 0.00 
C199,183 486462 0.00 
C199,184 449256 0.00 
C199,185 490125 0.00 
C199,186 482981 0.00 
C199,187 455618 0.00 
C199,188 488443 0.00 
C199,189 429599 0.00 
C199,190 480469 0.00 
C199,191 472586 0.00 
C199,192 451894 0.00 
C199,193 447385 0.00 
C199,194 480111 0.00 
C199,195 450269 0.00 
C199,196 490747 0.00 
C199,197 491511 0.00 
C199,198 453263 0.00 
C199,199 480002 0.00 
C199,200 464548 0.00 
C200,1 470228 0.00 
C200,2 489725 0.00 
C200,3 475562 0.00 
C200,4 447237 0.00 
C200,5 454462 0.00 
C200,6 458964 0.00 
C200,7 482893 0.00 
C200,8 498663 0.00 
C200,9 495608 0.00 
C200,10 497323 0.00 
C200,11 483934 0.00 
C200,12 494435 0.00 
C200,13 459438 0.00 
C200,14 503445 0.00 
C200,15 537832 0.00 
C200,16 496440 0.00 
C200,17 489999 0.00 
C200,18 503481 0.00 
C200,19 523148 0.00 
C200,20 474107 0.00 
C200,21 448700 0.00 
C200,22 484511 0.00 
C200,23 483100 0.00 
C200,24 532098 0.00 
C200,25 461386 0.00 
C200,26 498907 0.00 
C200,27 484099 0.00 
C200,28 449591 0.00 
C200,29 549107 0.00 
C200,30 500597 0.00 
C200,31 503341 0.00 
C200,32 462850 0.00 
C200,33 497293 0.00 
C200,34 481377 0.00 
C200,35 471357 0.00 
C200,36 467616 0.00 
C200,37 486791 0.00 
C200,38 490563 0.00 
C200,39 481997 0.00 
C200,40 465782 0.00 
C200,41 467291 0.00 
C200,42 477054 0.00 
C200,43 486622 0.00 
C200,44 494781 0.00 
C200,45 509390 0.00 
C200,46 473631 0.00 
C200,47 494256 0.00 
C200,48 468207 0.00 
C200,49 479142 0.00 
C200,50 494630 0.00 
C200,51 455432 0.00 
C200,52 484028 0.00 
C200,53 489017 0.00 
C200,54 522633 0.00 
C200,55 490316 0.00 
C200,56 487924 0.00 
C200,57 465825 0.00 
C200,58 503779 0.00 
C200,59 438585 0.00 
C200,60 435322 0.00 
C200,61 506013 0.00 
C200,62 457838 0.00 
C200,63 480002 0.00 
C200,64 488710 0.00 
C200,65 494481 0.00 
C200,66 499732 0.00 
C200,67 487878 0.00 
C200,68 499579 0.00 
C200,69 465038 0.00 
C200,70 532588 0.00 
C200,71 471771 0.00 
C200,72 479626 0.00 
C200,73 497522 0.00 
C200,74 444774 0.00 
C200,75 465695 0.00 
C200,76 485505 0.00 
C200,77 479032 0.00 
C200,78 522975 0.00 
C200,79 484468 0.00 
C200,80 454286 0.00 
C200,81 471615 0.00 
C200,82 460580 0.00 
C200,83 492388 0.00 
C200,84 476627 0.00 
C200,85 470364 0.00 
C200,86 511394 0.00 
C200,87 526464 0.00 
C200,88 448221 0.00 
C200,89 443775 0.00 
C200,90 468788 0.00 
C200,91 474486 0.00 
C200,92 484568 0.00 
C200,93 487605 0.00 
C200,94 484987 0.00 
C200,95 491279 0.00 
C200,96 480976 0.00 
C200,97 486873 0.00 
C200,98 470691 0.00 
C200,99 426547 0.00 
C200,100 457073 0.00 
C200,101 480651 0.00 
C200,102 475608 0.00 
C200,103 485976 0.00 
C200,104 490230 0.00 
C200,105 473922 0.00 
C200,106 498342 0.00 
C200,107 491536 0.00 
C200,108 471091 0.00 
C200,109 478629 0.00 
C200,110 441786 0.00 
C200,111 463940 0.00 
C200,112 477828 0.00 
C200,113 444320 0.00 
C200,114 465080 0.00 
C200,115 508226 0.00 
C200,116 493246 0.00 
C200,117 454088 0.00 
C200,118 518884 0.00 
C200,119 465491 0.00 
C200,120 496610 0.00 
C200,121 472271 0.00 
C200,122 477910 0.00 
C200,123 488947 0.00 
C200,124 493733 0.00 
C200,125 494808 0.00 
C200,126 481074 0.00 
C200,127 487625 0.00 
C200,128 492937 0.00 
C200,129 514245 0.00 
C200,130 479429 0.00 
C200,131 482509 0.00 
C200,132 460984 0.00 
C200,133 451830 0.00 
C200,134 495971 0.00 
C200,135 453403 0.00 
C200,136 429359 0.00 
C200,137 474858 0.00 
C200,138 468067 0.00 
C200,139 484548 0.00 
C200,140 472726 0.00 
C200,141 506748 0.00 
C200,142 459004 0.00 
C200,143 509578 0.00 
C200,144 457691 0.00 
C200,145 467649 0.00 
C200,146 467811 0.00 
C200,147 507702 0.00 
C200,148 452291 0.00 
C200,149 476074 0.00 
C200,150 467723 0.00 
C200,151 483380 0.00 
C200,152 480568 0.00 
C200,153 490117 0.00 
C200,154 446365 0.00 
C200,155 511615 0.00 
C200,156 471691 0.00 
C200,157 523606 0.00 
C200,158 501129 0.00 
C200,159 463417 0.00 
C200,160 500884 0.00 
C200,161 490779 0.00 
C200,162 471338 0.00 
C200,163 473481 0.00 
C200,164 482453 0.00 
C200,165 415308 0.00 
C200,166 470177 0.00 
C200,167 472456 0.00 
C200,168 471621 0.00 
C200,169 459883 0.00 
C200,170 459846 0.00 
C200,171 462610 0.00 
C200,172 508722 0.00 
C200,173 471176 0.00 
C200,174 523072 0.00 
C200,175 474419 0.00 
C200,176 473452 0.00 
C200,177 480532 0.00 
C200,178 506371 0.00 
C200,179 502927 0.00 
C200,180 548540 0.00 
C200,181 512538 0.00 
C200,182 501729 0.00 
C200,183 485698 0.00 
C200,184 478180 0.00 
C200,185 469038 0.00 
C200,186 490031 0.00 
C200,187 491285 0.00 
C200,188 499413 0.00 
C200,189 465305 0.00 
C200,190 506531 0.00 
C200,191 458737 0.00 
C200,192 490355 0.00 
C200,193 470365 0.00 
C200,194 539525 0.00 
C200,195 425486 0.00 
C200,196 489031 0.00 
C200,197 511791 0.00 
C200,198 459415 0.00 
C200,199 489645 0.00 
C200,200 463637 0.00 
0.00 
