100 100
C13,1 245421 0.00 
C13,2 230158 0.00 
C13,3 254056 0.00 
C13,4 277206 0.00 
C13,5 220721 0.00 
C13,6 240988 0.00 
C13,7 267710 0.00 
C13,8 245365 0.00 
C13,9 235616 0.00 
C13,10 228812 0.00 
C13,11 235163 0.00 
C13,12 236536 0.00 
C13,13 253183 0.00 
C13,14 250415 0.00 
C13,15 270274 0.00 
C13,16 260799 0.00 
C13,17 231238 0.00 
C13,18 284477 0.00 
C13,19 240521 0.00 
C13,20 281714 0.00 
C13,21 253713 0.00 
C13,22 282490 0.00 
C13,23 238752 0.00 
C13,24 232738 0.00 
C13,25 314700 0.00 
C13,26 230245 0.00 
C13,27 235790 0.00 
C13,28 241580 0.00 
C13,29 240401 0.00 
C13,30 241620 0.00 
C13,31 262444 0.00 
C13,32 239556 0.00 
C13,33 256731 0.00 
C13,34 261007 0.00 
C13,35 233434 0.00 
C13,36 257423 0.00 
C13,37 270081 0.00 
C13,38 242300 0.00 
C13,39 255793 0.00 
C13,40 250565 0.00 
C13,41 237007 0.00 
C13,42 246386 0.00 
C13,43 251564 0.00 
C13,44 253416 0.00 
C13,45 270275 0.00 
C13,46 233494 0.00 
C13,47 245364 0.00 
C13,48 217201 0.00 
C13,49 243676 0.00 
C13,50 240870 0.00 
C13,51 240794 0.00 
C13,52 259576 0.00 
C13,53 277727 0.00 
C13,54 249568 0.00 
C13,55 231633 0.00 
C13,56 253871 0.00 
C13,57 220684 0.00 
C13,58 273469 0.00 
C13,59 238695 0.00 
C13,60 265168 0.00 
C13,61 242627 0.00 
C13,62 250616 0.00 
C13,63 276961 0.00 
C13,64 255352 0.00 
C13,65 261099 0.00 
C13,66 261853 0.00 
C13,67 251176 0.00 
C13,68 203655 0.00 
C13,69 253156 0.00 
C13,70 261034 0.00 
C13,71 226528 0.00 
C13,72 284234 0.00 
C13,73 253173 0.00 
C13,74 249131 0.00 
C13,75 234074 0.00 
C13,76 225941 0.00 
C13,77 236782 0.00 
C13,78 277766 0.00 
C13,79 296752 0.00 
C13,80 241645 0.00 
C13,81 262413 0.00 
C13,82 241714 0.00 
C13,83 256633 0.00 
C13,84 243536 0.00 
C13,85 257253 0.00 
C13,86 269741 0.00 
C13,87 239734 0.00 
C13,88 272056 0.00 
C13,89 235389 0.00 
C13,90 282805 0.00 
C13,91 249960 0.00 
C13,92 251349 0.00 
C13,93 246095 0.00 
C13,94 262561 0.00 
C13,95 241689 0.00 
C13,96 233723 0.00 
C13,97 243569 0.00 
C13,98 240923 0.00 
C13,99 251352 0.00 
C13,100 256148 0.00 
C14,1 250744 0.00 
C14,2 225388 0.00 
C14,3 247321 0.00 
C14,4 275296 0.00 
C14,5 238169 0.00 
C14,6 228560 0.00 
C14,7 287020 0.00 
C14,8 237908 0.00 
C14,9 238756 0.00 
C14,10 236528 0.00 
C14,11 240476 0.00 
C14,12 225482 0.00 
C14,13 246837 0.00 
C14,14 256220 0.00 
C14,15 254171 0.00 
C14,16 254591 0.00 
C14,17 229885 0.00 
C14,18 270701 0.00 
C14,19 238763 0.00 
C14,20 291821 0.00 
C14,21 246835 0.00 
C14,22 267947 0.00 
C14,23 256251 0.00 
C14,24 227859 0.00 
C14,25 281495 0.00 
C14,26 215266 0.00 
C14,27 238560 0.00 
C14,28 255183 0.00 
C14,29 245240 0.00 
C14,30 245370 0.00 
C14,31 276399 0.00 
C14,32 242684 0.00 
C14,33 277031 0.00 
C14,34 245925 0.00 
C14,35 243168 0.00 
C14,36 258308 0.00 
C14,37 257255 0.00 
C14,38 251283 0.00 
C14,39 250177 0.00 
C14,40 232439 0.00 
C14,41 247527 0.00 
C14,42 253474 0.00 
C14,43 249573 0.00 
C14,44 256610 0.00 
C14,45 281389 0.00 
C14,46 250272 0.00 
C14,47 240504 0.00 
C14,48 229508 0.00 
C14,49 240701 0.00 
C14,50 235307 0.00 
C14,51 233122 0.00 
C14,52 263484 0.00 
C14,53 277529 0.00 
C14,54 262019 0.00 
C14,55 235565 0.00 
C14,56 245118 0.00 
C14,57 241367 0.00 
C14,58 271401 0.00 
C14,59 222627 0.00 
C14,60 260981 0.00 
C14,61 233758 0.00 
C14,62 234007 0.00 
C14,63 274767 0.00 
C14,64 244102 0.00 
C14,65 267749 0.00 
C14,66 252506 0.00 
C14,67 274590 0.00 
C14,68 195779 0.00 
C14,69 238652 0.00 
C14,70 243666 0.00 
C14,71 234063 0.00 
C14,72 268804 0.00 
C14,73 256927 0.00 
C14,74 262239 0.00 
C14,75 231429 0.00 
C14,76 218144 0.00 
C14,77 247468 0.00 
C14,78 271711 0.00 
C14,79 283569 0.00 
C14,80 244437 0.00 
C14,81 279294 0.00 
C14,82 247600 0.00 
C14,83 267360 0.00 
C14,84 229378 0.00 
C14,85 245371 0.00 
C14,86 255100 0.00 
C14,87 240526 0.00 
C14,88 264856 0.00 
C14,89 249755 0.00 
C14,90 257817 0.00 
C14,91 260380 0.00 
C14,92 264027 0.00 
C14,93 236208 0.00 
C14,94 261731 0.00 
C14,95 250318 0.00 
C14,96 237052 0.00 
C14,97 233637 0.00 
C14,98 240946 0.00 
C14,99 248129 0.00 
C14,100 258977 0.00 
C15,1 249067 0.00 
C15,2 229651 0.00 
C15,3 284341 0.00 
C15,4 268489 0.00 
C15,5 251071 0.00 
C15,6 253361 0.00 
C15,7 280944 0.00 
C15,8 265921 0.00 
C15,9 230053 0.00 
C15,10 233592 0.00 
C15,11 239278 0.00 
C15,12 257932 0.00 
C15,13 259546 0.00 
C15,14 267887 0.00 
C15,15 266385 0.00 
C15,16 279976 0.00 
C15,17 247503 0.00 
C15,18 289479 0.00 
C15,19 259592 0.00 
C15,20 292695 0.00 
C15,21 251501 0.00 
C15,22 260979 0.00 
C15,23 250766 0.00 
C15,24 247220 0.00 
C15,25 284510 0.00 
C15,26 219934 0.00 
C15,27 257242 0.00 
C15,28 248978 0.00 
C15,29 254015 0.00 
C15,30 251064 0.00 
C15,31 272222 0.00 
C15,32 253895 0.00 
C15,33 271551 0.00 
C15,34 265608 0.00 
C15,35 242511 0.00 
C15,36 271379 0.00 
C15,37 253368 0.00 
C15,38 245798 0.00 
C15,39 249393 0.00 
C15,40 270444 0.00 
C15,41 237057 0.00 
C15,42 253694 0.00 
C15,43 261269 0.00 
C15,44 272605 0.00 
C15,45 285497 0.00 
C15,46 244895 0.00 
C15,47 252860 0.00 
C15,48 228195 0.00 
C15,49 262791 0.00 
C15,50 243440 0.00 
C15,51 248886 0.00 
C15,52 281162 0.00 
C15,53 294969 0.00 
C15,54 284093 0.00 
C15,55 236256 0.00 
C15,56 238532 0.00 
C15,57 233575 0.00 
C15,58 278414 0.00 
C15,59 227244 0.00 
C15,60 272481 0.00 
C15,61 237932 0.00 
C15,62 251077 0.00 
C15,63 278362 0.00 
C15,64 257734 0.00 
C15,65 272875 0.00 
C15,66 266040 0.00 
C15,67 266942 0.00 
C15,68 230295 0.00 
C15,69 244234 0.00 
C15,70 267084 0.00 
C15,71 246496 0.00 
C15,72 290620 0.00 
C15,73 270089 0.00 
C15,74 284232 0.00 
C15,75 250130 0.00 
C15,76 228744 0.00 
C15,77 254860 0.00 
C15,78 291480 0.00 
C15,79 319364 0.00 
C15,80 245156 0.00 
C15,81 266908 0.00 
C15,82 259199 0.00 
C15,83 262606 0.00 
C15,84 252193 0.00 
C15,85 259463 0.00 
C15,86 262145 0.00 
C15,87 254627 0.00 
C15,88 279455 0.00 
C15,89 246438 0.00 
C15,90 282264 0.00 
C15,91 270924 0.00 
C15,92 261787 0.00 
C15,93 258077 0.00 
C15,94 263907 0.00 
C15,95 253532 0.00 
C15,96 241930 0.00 
C15,97 238961 0.00 
C15,98 252404 0.00 
C15,99 259711 0.00 
C15,100 255199 0.00 
C16,1 222674 0.00 
C16,2 215431 0.00 
C16,3 238197 0.00 
C16,4 271845 0.00 
C16,5 225316 0.00 
C16,6 220936 0.00 
C16,7 258133 0.00 
C16,8 242810 0.00 
C16,9 218756 0.00 
C16,10 217689 0.00 
C16,11 240119 0.00 
C16,12 232497 0.00 
C16,13 216507 0.00 
C16,14 241938 0.00 
C16,15 236413 0.00 
C16,16 246744 0.00 
C16,17 241810 0.00 
C16,18 276468 0.00 
C16,19 231206 0.00 
C16,20 251346 0.00 
C16,21 228406 0.00 
C16,22 267076 0.00 
C16,23 241207 0.00 
C16,24 237003 0.00 
C16,25 272560 0.00 
C16,26 210167 0.00 
C16,27 240242 0.00 
C16,28 243093 0.00 
C16,29 230444 0.00 
C16,30 249651 0.00 
C16,31 251571 0.00 
C16,32 232116 0.00 
C16,33 249427 0.00 
C16,34 241570 0.00 
C16,35 240246 0.00 
C16,36 266653 0.00 
C16,37 225567 0.00 
C16,38 223486 0.00 
C16,39 230330 0.00 
C16,40 256885 0.00 
C16,41 230648 0.00 
C16,42 231280 0.00 
C16,43 233219 0.00 
C16,44 253722 0.00 
C16,45 248262 0.00 
C16,46 222864 0.00 
C16,47 249447 0.00 
C16,48 220232 0.00 
C16,49 238373 0.00 
C16,50 216872 0.00 
C16,51 229637 0.00 
C16,52 244150 0.00 
C16,53 262864 0.00 
C16,54 255970 0.00 
C16,55 221158 0.00 
C16,56 209244 0.00 
C16,57 223600 0.00 
C16,58 255543 0.00 
C16,59 213947 0.00 
C16,60 260411 0.00 
C16,61 215694 0.00 
C16,62 237408 0.00 
C16,63 279762 0.00 
C16,64 244876 0.00 
C16,65 260794 0.00 
C16,66 262969 0.00 
C16,67 246981 0.00 
C16,68 212344 0.00 
C16,69 227496 0.00 
C16,70 231468 0.00 
C16,71 228523 0.00 
C16,72 266054 0.00 
C16,73 235589 0.00 
C16,74 270918 0.00 
C16,75 216568 0.00 
C16,76 206982 0.00 
C16,77 228064 0.00 
C16,78 258672 0.00 
C16,79 276606 0.00 
C16,80 214343 0.00 
C16,81 245577 0.00 
C16,82 247495 0.00 
C16,83 262311 0.00 
C16,84 222999 0.00 
C16,85 238950 0.00 
C16,86 253523 0.00 
C16,87 235028 0.00 
C16,88 261838 0.00 
C16,89 228831 0.00 
C16,90 255173 0.00 
C16,91 259652 0.00 
C16,92 256568 0.00 
C16,93 234258 0.00 
C16,94 254362 0.00 
C16,95 241272 0.00 
C16,96 223321 0.00 
C16,97 235977 0.00 
C16,98 219143 0.00 
C16,99 229331 0.00 
C16,100 239632 0.00 
C17,1 215075 0.00 
C17,2 202582 0.00 
C17,3 231280 0.00 
C17,4 241058 0.00 
C17,5 189628 0.00 
C17,6 199283 0.00 
C17,7 213994 0.00 
C17,8 206931 0.00 
C17,9 209807 0.00 
C17,10 205869 0.00 
C17,11 203459 0.00 
C17,12 206642 0.00 
C17,13 219236 0.00 
C17,14 217457 0.00 
C17,15 205395 0.00 
C17,16 229135 0.00 
C17,17 194491 0.00 
C17,18 226432 0.00 
C17,19 223814 0.00 
C17,20 231003 0.00 
C17,21 219768 0.00 
C17,22 231988 0.00 
C17,23 210648 0.00 
C17,24 212613 0.00 
C17,25 243941 0.00 
C17,26 191150 0.00 
C17,27 205992 0.00 
C17,28 214582 0.00 
C17,29 228498 0.00 
C17,30 211299 0.00 
C17,31 228694 0.00 
C17,32 196700 0.00 
C17,33 234102 0.00 
C17,34 217033 0.00 
C17,35 217798 0.00 
C17,36 241305 0.00 
C17,37 218159 0.00 
C17,38 199120 0.00 
C17,39 216400 0.00 
C17,40 213028 0.00 
C17,41 220420 0.00 
C17,42 225016 0.00 
C17,43 217359 0.00 
C17,44 231488 0.00 
C17,45 233801 0.00 
C17,46 200463 0.00 
C17,47 210516 0.00 
C17,48 189120 0.00 
C17,49 208228 0.00 
C17,50 206387 0.00 
C17,51 203387 0.00 
C17,52 242346 0.00 
C17,53 239090 0.00 
C17,54 233030 0.00 
C17,55 210284 0.00 
C17,56 219170 0.00 
C17,57 187635 0.00 
C17,58 244979 0.00 
C17,59 197261 0.00 
C17,60 227421 0.00 
C17,61 193957 0.00 
C17,62 209631 0.00 
C17,63 256280 0.00 
C17,64 221900 0.00 
C17,65 239651 0.00 
C17,66 230700 0.00 
C17,67 215825 0.00 
C17,68 189222 0.00 
C17,69 204484 0.00 
C17,70 224233 0.00 
C17,71 194816 0.00 
C17,72 244389 0.00 
C17,73 213146 0.00 
C17,74 236438 0.00 
C17,75 203366 0.00 
C17,76 192471 0.00 
C17,77 218008 0.00 
C17,78 254938 0.00 
C17,79 249409 0.00 
C17,80 197547 0.00 
C17,81 230400 0.00 
C17,82 218833 0.00 
C17,83 230664 0.00 
C17,84 215725 0.00 
C17,85 210263 0.00 
C17,86 227907 0.00 
C17,87 207942 0.00 
C17,88 234889 0.00 
C17,89 213832 0.00 
C17,90 248323 0.00 
C17,91 210341 0.00 
C17,92 236905 0.00 
C17,93 214242 0.00 
C17,94 219453 0.00 
C17,95 223167 0.00 
C17,96 195468 0.00 
C17,97 209358 0.00 
C17,98 205498 0.00 
C17,99 197587 0.00 
C17,100 215934 0.00 
C18,1 220040 0.00 
C18,2 213076 0.00 
C18,3 240342 0.00 
C18,4 245173 0.00 
C18,5 221045 0.00 
C18,6 211192 0.00 
C18,7 246462 0.00 
C18,8 214809 0.00 
C18,9 211580 0.00 
C18,10 221465 0.00 
C18,11 232175 0.00 
C18,12 221256 0.00 
C18,13 241596 0.00 
C18,14 231068 0.00 
C18,15 237594 0.00 
C18,16 224405 0.00 
C18,17 216892 0.00 
C18,18 252298 0.00 
C18,19 239341 0.00 
C18,20 271229 0.00 
C18,21 230661 0.00 
C18,22 242039 0.00 
C18,23 221931 0.00 
C18,24 214393 0.00 
C18,25 260806 0.00 
C18,26 197567 0.00 
C18,27 230920 0.00 
C18,28 229461 0.00 
C18,29 224116 0.00 
C18,30 224518 0.00 
C18,31 244365 0.00 
C18,32 217906 0.00 
C18,33 223853 0.00 
C18,34 232944 0.00 
C18,35 214325 0.00 
C18,36 233072 0.00 
C18,37 240888 0.00 
C18,38 225038 0.00 
C18,39 228524 0.00 
C18,40 237596 0.00 
C18,41 222493 0.00 
C18,42 227773 0.00 
C18,43 233907 0.00 
C18,44 243291 0.00 
C18,45 258955 0.00 
C18,46 226725 0.00 
C18,47 233952 0.00 
C18,48 195554 0.00 
C18,49 225858 0.00 
C18,50 217867 0.00 
C18,51 214376 0.00 
C18,52 233896 0.00 
C18,53 248280 0.00 
C18,54 226512 0.00 
C18,55 197262 0.00 
C18,56 225874 0.00 
C18,57 215488 0.00 
C18,58 247929 0.00 
C18,59 227847 0.00 
C18,60 245570 0.00 
C18,61 217726 0.00 
C18,62 228624 0.00 
C18,63 252214 0.00 
C18,64 235720 0.00 
C18,65 249241 0.00 
C18,66 243261 0.00 
C18,67 230113 0.00 
C18,68 186149 0.00 
C18,69 222100 0.00 
C18,70 231365 0.00 
C18,71 216379 0.00 
C18,72 260555 0.00 
C18,73 236307 0.00 
C18,74 242974 0.00 
C18,75 216205 0.00 
C18,76 203713 0.00 
C18,77 221949 0.00 
C18,78 236944 0.00 
C18,79 282919 0.00 
C18,80 212876 0.00 
C18,81 244929 0.00 
C18,82 211456 0.00 
C18,83 227747 0.00 
C18,84 220035 0.00 
C18,85 235288 0.00 
C18,86 246453 0.00 
C18,87 228079 0.00 
C18,88 264335 0.00 
C18,89 219206 0.00 
C18,90 235726 0.00 
C18,91 239092 0.00 
C18,92 245507 0.00 
C18,93 224399 0.00 
C18,94 249044 0.00 
C18,95 235445 0.00 
C18,96 218685 0.00 
C18,97 211769 0.00 
C18,98 208093 0.00 
C18,99 222738 0.00 
C18,100 245933 0.00 
C19,1 225935 0.00 
C19,2 224585 0.00 
C19,3 237097 0.00 
C19,4 259168 0.00 
C19,5 230393 0.00 
C19,6 218352 0.00 
C19,7 258634 0.00 
C19,8 212716 0.00 
C19,9 217218 0.00 
C19,10 229540 0.00 
C19,11 229592 0.00 
C19,12 213646 0.00 
C19,13 229310 0.00 
C19,14 222097 0.00 
C19,15 244269 0.00 
C19,16 224607 0.00 
C19,17 215153 0.00 
C19,18 262230 0.00 
C19,19 227936 0.00 
C19,20 276326 0.00 
C19,21 240600 0.00 
C19,22 251300 0.00 
C19,23 240292 0.00 
C19,24 231514 0.00 
C19,25 265415 0.00 
C19,26 199857 0.00 
C19,27 236021 0.00 
C19,28 235370 0.00 
C19,29 228063 0.00 
C19,30 232164 0.00 
C19,31 252898 0.00 
C19,32 219255 0.00 
C19,33 229888 0.00 
C19,34 224865 0.00 
C19,35 219950 0.00 
C19,36 241392 0.00 
C19,37 221755 0.00 
C19,38 212382 0.00 
C19,39 222981 0.00 
C19,40 231883 0.00 
C19,41 220508 0.00 
C19,42 236964 0.00 
C19,43 224582 0.00 
C19,44 249682 0.00 
C19,45 256045 0.00 
C19,46 230214 0.00 
C19,47 232701 0.00 
C19,48 210176 0.00 
C19,49 211806 0.00 
C19,50 221818 0.00 
C19,51 213538 0.00 
C19,52 237794 0.00 
C19,53 252058 0.00 
C19,54 235348 0.00 
C19,55 211289 0.00 
C19,56 223364 0.00 
C19,57 215036 0.00 
C19,58 248366 0.00 
C19,59 206660 0.00 
C19,60 240113 0.00 
C19,61 200430 0.00 
C19,62 218382 0.00 
C19,63 259336 0.00 
C19,64 233316 0.00 
C19,65 248777 0.00 
C19,66 238099 0.00 
C19,67 261620 0.00 
C19,68 185645 0.00 
C19,69 211411 0.00 
C19,70 226807 0.00 
C19,71 227073 0.00 
C19,72 263680 0.00 
C19,73 226054 0.00 
C19,74 242046 0.00 
C19,75 228019 0.00 
C19,76 207971 0.00 
C19,77 240565 0.00 
C19,78 253579 0.00 
C19,79 276092 0.00 
C19,80 231254 0.00 
C19,81 244815 0.00 
C19,82 228342 0.00 
C19,83 237165 0.00 
C19,84 213702 0.00 
C19,85 241924 0.00 
C19,86 243065 0.00 
C19,87 217587 0.00 
C19,88 245181 0.00 
C19,89 238907 0.00 
C19,90 249741 0.00 
C19,91 251516 0.00 
C19,92 225275 0.00 
C19,93 228162 0.00 
C19,94 252137 0.00 
C19,95 210213 0.00 
C19,96 213687 0.00 
C19,97 220378 0.00 
C19,98 228887 0.00 
C19,99 238245 0.00 
C19,100 242850 0.00 
C20,1 257586 0.00 
C20,2 241944 0.00 
C20,3 273853 0.00 
C20,4 282084 0.00 
C20,5 238302 0.00 
C20,6 238587 0.00 
C20,7 279784 0.00 
C20,8 262297 0.00 
C20,9 239288 0.00 
C20,10 245535 0.00 
C20,11 262547 0.00 
C20,12 248158 0.00 
C20,13 260185 0.00 
C20,14 262982 0.00 
C20,15 277524 0.00 
C20,16 259575 0.00 
C20,17 246510 0.00 
C20,18 292091 0.00 
C20,19 240365 0.00 
C20,20 293528 0.00 
C20,21 247538 0.00 
C20,22 279742 0.00 
C20,23 257743 0.00 
C20,24 238678 0.00 
C20,25 289172 0.00 
C20,26 248355 0.00 
C20,27 256606 0.00 
C20,28 265207 0.00 
C20,29 261752 0.00 
C20,30 255125 0.00 
C20,31 281482 0.00 
C20,32 258445 0.00 
C20,33 265314 0.00 
C20,34 258947 0.00 
C20,35 263983 0.00 
C20,36 261808 0.00 
C20,37 266879 0.00 
C20,38 245973 0.00 
C20,39 260677 0.00 
C20,40 252858 0.00 
C20,41 263948 0.00 
C20,42 260868 0.00 
C20,43 274291 0.00 
C20,44 281339 0.00 
C20,45 303613 0.00 
C20,46 255615 0.00 
C20,47 243604 0.00 
C20,48 224579 0.00 
C20,49 258594 0.00 
C20,50 249932 0.00 
C20,51 241498 0.00 
C20,52 258589 0.00 
C20,53 276208 0.00 
C20,54 273785 0.00 
C20,55 244597 0.00 
C20,56 254752 0.00 
C20,57 244405 0.00 
C20,58 280074 0.00 
C20,59 248366 0.00 
C20,60 275872 0.00 
C20,61 238820 0.00 
C20,62 253206 0.00 
C20,63 297236 0.00 
C20,64 256649 0.00 
C20,65 282380 0.00 
C20,66 268693 0.00 
C20,67 255088 0.00 
C20,68 211205 0.00 
C20,69 269182 0.00 
C20,70 266797 0.00 
C20,71 249589 0.00 
C20,72 290513 0.00 
C20,73 265293 0.00 
C20,74 280686 0.00 
C20,75 242962 0.00 
C20,76 234496 0.00 
C20,77 241379 0.00 
C20,78 281928 0.00 
C20,79 315970 0.00 
C20,80 243683 0.00 
C20,81 267272 0.00 
C20,82 269372 0.00 
C20,83 273808 0.00 
C20,84 260243 0.00 
C20,85 264037 0.00 
C20,86 272198 0.00 
C20,87 267422 0.00 
C20,88 285056 0.00 
C20,89 234167 0.00 
C20,90 279766 0.00 
C20,91 281979 0.00 
C20,92 273635 0.00 
C20,93 258049 0.00 
C20,94 263225 0.00 
C20,95 276972 0.00 
C20,96 232535 0.00 
C20,97 253904 0.00 
C20,98 243087 0.00 
C20,99 240051 0.00 
C20,100 253875 0.00 
C21,1 217786 0.00 
C21,2 192917 0.00 
C21,3 235542 0.00 
C21,4 267031 0.00 
C21,5 213647 0.00 
C21,6 217974 0.00 
C21,7 244594 0.00 
C21,8 243041 0.00 
C21,9 224173 0.00 
C21,10 222283 0.00 
C21,11 221298 0.00 
C21,12 235770 0.00 
C21,13 243840 0.00 
C21,14 233818 0.00 
C21,15 229774 0.00 
C21,16 252333 0.00 
C21,17 213658 0.00 
C21,18 236098 0.00 
C21,19 229091 0.00 
C21,20 253932 0.00 
C21,21 220469 0.00 
C21,22 240502 0.00 
C21,23 232327 0.00 
C21,24 231379 0.00 
C21,25 252122 0.00 
C21,26 209339 0.00 
C21,27 218149 0.00 
C21,28 220675 0.00 
C21,29 232191 0.00 
C21,30 221280 0.00 
C21,31 250466 0.00 
C21,32 230841 0.00 
C21,33 248319 0.00 
C21,34 224085 0.00 
C21,35 221724 0.00 
C21,36 242236 0.00 
C21,37 242335 0.00 
C21,38 222075 0.00 
C21,39 227878 0.00 
C21,40 231150 0.00 
C21,41 235293 0.00 
C21,42 232387 0.00 
C21,43 242031 0.00 
C21,44 250824 0.00 
C21,45 253043 0.00 
C21,46 215335 0.00 
C21,47 229117 0.00 
C21,48 212513 0.00 
C21,49 246653 0.00 
C21,50 217865 0.00 
C21,51 212969 0.00 
C21,52 240311 0.00 
C21,53 266375 0.00 
C21,54 254495 0.00 
C21,55 205535 0.00 
C21,56 223177 0.00 
C21,57 204203 0.00 
C21,58 260473 0.00 
C21,59 228623 0.00 
C21,60 249630 0.00 
C21,61 206231 0.00 
C21,62 223734 0.00 
C21,63 248708 0.00 
C21,64 229020 0.00 
C21,65 249089 0.00 
C21,66 256627 0.00 
C21,67 231004 0.00 
C21,68 193636 0.00 
C21,69 224873 0.00 
C21,70 237025 0.00 
C21,71 211825 0.00 
C21,72 257015 0.00 
C21,73 236259 0.00 
C21,74 248848 0.00 
C21,75 219984 0.00 
C21,76 215609 0.00 
C21,77 207511 0.00 
C21,78 255420 0.00 
C21,79 281596 0.00 
C21,80 216279 0.00 
C21,81 240139 0.00 
C21,82 224042 0.00 
C21,83 243526 0.00 
C21,84 239027 0.00 
C21,85 209489 0.00 
C21,86 238035 0.00 
C21,87 234494 0.00 
C21,88 240033 0.00 
C21,89 229845 0.00 
C21,90 262184 0.00 
C21,91 242424 0.00 
C21,92 259683 0.00 
C21,93 228917 0.00 
C21,94 247138 0.00 
C21,95 236889 0.00 
C21,96 215741 0.00 
C21,97 219657 0.00 
C21,98 210880 0.00 
C21,99 218026 0.00 
C21,100 224104 0.00 
C22,1 260032 0.00 
C22,2 252257 0.00 
C22,3 277608 0.00 
C22,4 298306 0.00 
C22,5 257590 0.00 
C22,6 246298 0.00 
C22,7 288713 0.00 
C22,8 259744 0.00 
C22,9 254421 0.00 
C22,10 234859 0.00 
C22,11 253567 0.00 
C22,12 272287 0.00 
C22,13 252362 0.00 
C22,14 255947 0.00 
C22,15 268060 0.00 
C22,16 263606 0.00 
C22,17 251416 0.00 
C22,18 281404 0.00 
C22,19 262608 0.00 
C22,20 280925 0.00 
C22,21 269128 0.00 
C22,22 282171 0.00 
C22,23 262493 0.00 
C22,24 266366 0.00 
C22,25 292038 0.00 
C22,26 228370 0.00 
C22,27 256532 0.00 
C22,28 279191 0.00 
C22,29 263638 0.00 
C22,30 255184 0.00 
C22,31 281743 0.00 
C22,32 271413 0.00 
C22,33 260757 0.00 
C22,34 246184 0.00 
C22,35 246032 0.00 
C22,36 282720 0.00 
C22,37 247292 0.00 
C22,38 254004 0.00 
C22,39 265179 0.00 
C22,40 269357 0.00 
C22,41 254141 0.00 
C22,42 254513 0.00 
C22,43 271400 0.00 
C22,44 297990 0.00 
C22,45 287498 0.00 
C22,46 264015 0.00 
C22,47 252485 0.00 
C22,48 249387 0.00 
C22,49 257924 0.00 
C22,50 257467 0.00 
C22,51 255450 0.00 
C22,52 268911 0.00 
C22,53 283682 0.00 
C22,54 276130 0.00 
C22,55 233099 0.00 
C22,56 242458 0.00 
C22,57 228047 0.00 
C22,58 297775 0.00 
C22,59 238619 0.00 
C22,60 273686 0.00 
C22,61 258782 0.00 
C22,62 260716 0.00 
C22,63 290742 0.00 
C22,64 262945 0.00 
C22,65 288989 0.00 
C22,66 283170 0.00 
C22,67 277791 0.00 
C22,68 225284 0.00 
C22,69 240969 0.00 
C22,70 276986 0.00 
C22,71 260873 0.00 
C22,72 302520 0.00 
C22,73 267957 0.00 
C22,74 270493 0.00 
C22,75 243642 0.00 
C22,76 228631 0.00 
C22,77 256847 0.00 
C22,78 284437 0.00 
C22,79 323190 0.00 
C22,80 253501 0.00 
C22,81 260432 0.00 
C22,82 266707 0.00 
C22,83 257515 0.00 
C22,84 244192 0.00 
C22,85 264843 0.00 
C22,86 282465 0.00 
C22,87 254326 0.00 
C22,88 291602 0.00 
C22,89 256807 0.00 
C22,90 293212 0.00 
C22,91 278438 0.00 
C22,92 280764 0.00 
C22,93 255262 0.00 
C22,94 288912 0.00 
C22,95 259325 0.00 
C22,96 256351 0.00 
C22,97 249690 0.00 
C22,98 242351 0.00 
C22,99 256772 0.00 
C22,100 253395 0.00 
C23,1 221305 0.00 
C23,2 205383 0.00 
C23,3 242385 0.00 
C23,4 259336 0.00 
C23,5 229264 0.00 
C23,6 214444 0.00 
C23,7 247054 0.00 
C23,8 229327 0.00 
C23,9 222327 0.00 
C23,10 210344 0.00 
C23,11 224740 0.00 
C23,12 217446 0.00 
C23,13 225244 0.00 
C23,14 236290 0.00 
C23,15 240221 0.00 
C23,16 251075 0.00 
C23,17 211422 0.00 
C23,18 266759 0.00 
C23,19 237042 0.00 
C23,20 267461 0.00 
C23,21 240659 0.00 
C23,22 242489 0.00 
C23,23 229223 0.00 
C23,24 228460 0.00 
C23,25 281279 0.00 
C23,26 212024 0.00 
C23,27 234404 0.00 
C23,28 214702 0.00 
C23,29 213492 0.00 
C23,30 244071 0.00 
C23,31 248124 0.00 
C23,32 210334 0.00 
C23,33 247235 0.00 
C23,34 236976 0.00 
C23,35 220015 0.00 
C23,36 230379 0.00 
C23,37 233438 0.00 
C23,38 228345 0.00 
C23,39 243730 0.00 
C23,40 227082 0.00 
C23,41 224528 0.00 
C23,42 225369 0.00 
C23,43 236598 0.00 
C23,44 253737 0.00 
C23,45 256089 0.00 
C23,46 226040 0.00 
C23,47 228819 0.00 
C23,48 212587 0.00 
C23,49 231234 0.00 
C23,50 228214 0.00 
C23,51 238504 0.00 
C23,52 251183 0.00 
C23,53 245113 0.00 
C23,54 242815 0.00 
C23,55 206061 0.00 
C23,56 213356 0.00 
C23,57 233797 0.00 
C23,58 261510 0.00 
C23,59 216190 0.00 
C23,60 253565 0.00 
C23,61 209548 0.00 
C23,62 226285 0.00 
C23,63 257638 0.00 
C23,64 228871 0.00 
C23,65 238059 0.00 
C23,66 252430 0.00 
C23,67 240342 0.00 
C23,68 186433 0.00 
C23,69 226769 0.00 
C23,70 256699 0.00 
C23,71 204606 0.00 
C23,72 266191 0.00 
C23,73 223936 0.00 
C23,74 248091 0.00 
C23,75 231472 0.00 
C23,76 193958 0.00 
C23,77 221616 0.00 
C23,78 257637 0.00 
C23,79 264871 0.00 
C23,80 230665 0.00 
C23,81 247060 0.00 
C23,82 232073 0.00 
C23,83 242240 0.00 
C23,84 212775 0.00 
C23,85 248896 0.00 
C23,86 254030 0.00 
C23,87 235332 0.00 
C23,88 258412 0.00 
C23,89 223393 0.00 
C23,90 251708 0.00 
C23,91 237281 0.00 
C23,92 223651 0.00 
C23,93 218523 0.00 
C23,94 254612 0.00 
C23,95 227854 0.00 
C23,96 224193 0.00 
C23,97 239368 0.00 
C23,98 218210 0.00 
C23,99 225411 0.00 
C23,100 229437 0.00 
C24,1 212114 0.00 
C24,2 208789 0.00 
C24,3 249546 0.00 
C24,4 261068 0.00 
C24,5 223656 0.00 
C24,6 233353 0.00 
C24,7 243196 0.00 
C24,8 250518 0.00 
C24,9 234493 0.00 
C24,10 212334 0.00 
C24,11 229610 0.00 
C24,12 240155 0.00 
C24,13 245807 0.00 
C24,14 237853 0.00 
C24,15 246424 0.00 
C24,16 252695 0.00 
C24,17 228568 0.00 
C24,18 262560 0.00 
C24,19 236040 0.00 
C24,20 266701 0.00 
C24,21 235574 0.00 
C24,22 251615 0.00 
C24,23 231187 0.00 
C24,24 225143 0.00 
C24,25 274880 0.00 
C24,26 222800 0.00 
C24,27 235000 0.00 
C24,28 233961 0.00 
C24,29 245214 0.00 
C24,30 243328 0.00 
C24,31 270046 0.00 
C24,32 207228 0.00 
C24,33 251244 0.00 
C24,34 239163 0.00 
C24,35 239482 0.00 
C24,36 249912 0.00 
C24,37 246532 0.00 
C24,38 245142 0.00 
C24,39 230233 0.00 
C24,40 255219 0.00 
C24,41 226259 0.00 
C24,42 237684 0.00 
C24,43 244594 0.00 
C24,44 259228 0.00 
C24,45 266953 0.00 
C24,46 230364 0.00 
C24,47 251836 0.00 
C24,48 216777 0.00 
C24,49 238751 0.00 
C24,50 226217 0.00 
C24,51 232250 0.00 
C24,52 251005 0.00 
C24,53 277017 0.00 
C24,54 262511 0.00 
C24,55 224819 0.00 
C24,56 227190 0.00 
C24,57 213763 0.00 
C24,58 274365 0.00 
C24,59 235104 0.00 
C24,60 261440 0.00 
C24,61 221480 0.00 
C24,62 238928 0.00 
C24,63 268154 0.00 
C24,64 265134 0.00 
C24,65 258749 0.00 
C24,66 257058 0.00 
C24,67 242172 0.00 
C24,68 207092 0.00 
C24,69 234280 0.00 
C24,70 255528 0.00 
C24,71 229271 0.00 
C24,72 271297 0.00 
C24,73 227191 0.00 
C24,74 261247 0.00 
C24,75 237511 0.00 
C24,76 205929 0.00 
C24,77 220621 0.00 
C24,78 258379 0.00 
C24,79 282319 0.00 
C24,80 241654 0.00 
C24,81 253663 0.00 
C24,82 228577 0.00 
C24,83 242943 0.00 
C24,84 222499 0.00 
C24,85 253981 0.00 
C24,86 264013 0.00 
C24,87 224993 0.00 
C24,88 268426 0.00 
C24,89 252597 0.00 
C24,90 266359 0.00 
C24,91 243911 0.00 
C24,92 257072 0.00 
C24,93 248377 0.00 
C24,94 243855 0.00 
C24,95 241307 0.00 
C24,96 213753 0.00 
C24,97 224569 0.00 
C24,98 224177 0.00 
C24,99 239683 0.00 
C24,100 253040 0.00 
C25,1 247526 0.00 
C25,2 226395 0.00 
C25,3 265085 0.00 
C25,4 277582 0.00 
C25,5 251044 0.00 
C25,6 237853 0.00 
C25,7 255136 0.00 
C25,8 248777 0.00 
C25,9 222292 0.00 
C25,10 230376 0.00 
C25,11 253017 0.00 
C25,12 245528 0.00 
C25,13 254551 0.00 
C25,14 249454 0.00 
C25,15 257805 0.00 
C25,16 253159 0.00 
C25,17 245320 0.00 
C25,18 276024 0.00 
C25,19 252241 0.00 
C25,20 273155 0.00 
C25,21 262091 0.00 
C25,22 268668 0.00 
C25,23 230729 0.00 
C25,24 247305 0.00 
C25,25 276212 0.00 
C25,26 211746 0.00 
C25,27 245704 0.00 
C25,28 259176 0.00 
C25,29 235322 0.00 
C25,30 251209 0.00 
C25,31 267063 0.00 
C25,32 245274 0.00 
C25,33 252466 0.00 
C25,34 240295 0.00 
C25,35 246543 0.00 
C25,36 258246 0.00 
C25,37 247375 0.00 
C25,38 248955 0.00 
C25,39 240494 0.00 
C25,40 243814 0.00 
C25,41 248385 0.00 
C25,42 238236 0.00 
C25,43 252608 0.00 
C25,44 273819 0.00 
C25,45 278830 0.00 
C25,46 237191 0.00 
C25,47 253008 0.00 
C25,48 209692 0.00 
C25,49 251699 0.00 
C25,50 222923 0.00 
0.00 
