100 100
C76,1 229687 0.00 
C76,2 222568 0.00 
C76,3 257976 0.00 
C76,4 267346 0.00 
C76,5 218698 0.00 
C76,6 230262 0.00 
C76,7 261900 0.00 
C76,8 230864 0.00 
C76,9 224068 0.00 
C76,10 225527 0.00 
C76,11 236028 0.00 
C76,12 220857 0.00 
C76,13 238914 0.00 
C76,14 247928 0.00 
C76,15 214782 0.00 
C76,16 234302 0.00 
C76,17 228195 0.00 
C76,18 262473 0.00 
C76,19 239021 0.00 
C76,20 265284 0.00 
C76,21 236625 0.00 
C76,22 265577 0.00 
C76,23 237070 0.00 
C76,24 230179 0.00 
C76,25 267699 0.00 
C76,26 213707 0.00 
C76,27 236849 0.00 
C76,28 246237 0.00 
C76,29 228681 0.00 
C76,30 236415 0.00 
C76,31 256569 0.00 
C76,32 220806 0.00 
C76,33 266600 0.00 
C76,34 234651 0.00 
C76,35 238580 0.00 
C76,36 247691 0.00 
C76,37 217210 0.00 
C76,38 231246 0.00 
C76,39 240586 0.00 
C76,40 246761 0.00 
C76,41 244024 0.00 
C76,42 237062 0.00 
C76,43 241838 0.00 
C76,44 265320 0.00 
C76,45 259463 0.00 
C76,46 230089 0.00 
C76,47 238811 0.00 
C76,48 201710 0.00 
C76,49 235278 0.00 
C76,50 227090 0.00 
C76,51 229418 0.00 
C76,52 249494 0.00 
C76,53 270979 0.00 
C76,54 236285 0.00 
C76,55 217797 0.00 
C76,56 210557 0.00 
C76,57 225514 0.00 
C76,58 260773 0.00 
C76,59 224471 0.00 
C76,60 255122 0.00 
C76,61 219273 0.00 
C76,62 232455 0.00 
C76,63 267320 0.00 
C76,64 251077 0.00 
C76,65 251277 0.00 
C76,66 245639 0.00 
C76,67 251747 0.00 
C76,68 196506 0.00 
C76,69 227079 0.00 
C76,70 226371 0.00 
C76,71 208994 0.00 
C76,72 266189 0.00 
C76,73 236165 0.00 
C76,74 259933 0.00 
C76,75 221879 0.00 
C76,76 217456 0.00 
C76,77 235309 0.00 
C76,78 274421 0.00 
C76,79 279468 0.00 
C76,80 237265 0.00 
C76,81 259881 0.00 
C76,82 240731 0.00 
C76,83 244247 0.00 
C76,84 236732 0.00 
C76,85 228577 0.00 
C76,86 254061 0.00 
C76,87 216300 0.00 
C76,88 263738 0.00 
C76,89 243196 0.00 
C76,90 265892 0.00 
C76,91 245167 0.00 
C76,92 249053 0.00 
C76,93 231246 0.00 
C76,94 253759 0.00 
C76,95 235069 0.00 
C76,96 233062 0.00 
C76,97 225634 0.00 
C76,98 219381 0.00 
C76,99 233326 0.00 
C76,100 243335 0.00 
C77,1 243102 0.00 
C77,2 230081 0.00 
C77,3 258335 0.00 
C77,4 295553 0.00 
C77,5 251001 0.00 
C77,6 242864 0.00 
C77,7 290776 0.00 
C77,8 256228 0.00 
C77,9 249081 0.00 
C77,10 245713 0.00 
C77,11 252576 0.00 
C77,12 255085 0.00 
C77,13 246228 0.00 
C77,14 243260 0.00 
C77,15 258028 0.00 
C77,16 262452 0.00 
C77,17 248783 0.00 
C77,18 278847 0.00 
C77,19 252612 0.00 
C77,20 300416 0.00 
C77,21 268749 0.00 
C77,22 259841 0.00 
C77,23 258327 0.00 
C77,24 242493 0.00 
C77,25 291036 0.00 
C77,26 217666 0.00 
C77,27 260853 0.00 
C77,28 264156 0.00 
C77,29 252234 0.00 
C77,30 259923 0.00 
C77,31 286082 0.00 
C77,32 243488 0.00 
C77,33 271019 0.00 
C77,34 244093 0.00 
C77,35 234591 0.00 
C77,36 284561 0.00 
C77,37 256282 0.00 
C77,38 249840 0.00 
C77,39 253852 0.00 
C77,40 260294 0.00 
C77,41 244544 0.00 
C77,42 255836 0.00 
C77,43 255906 0.00 
C77,44 286230 0.00 
C77,45 290817 0.00 
C77,46 250581 0.00 
C77,47 257371 0.00 
C77,48 232006 0.00 
C77,49 250761 0.00 
C77,50 246276 0.00 
C77,51 236772 0.00 
C77,52 272990 0.00 
C77,53 290167 0.00 
C77,54 274885 0.00 
C77,55 247720 0.00 
C77,56 251207 0.00 
C77,57 255148 0.00 
C77,58 273371 0.00 
C77,59 237789 0.00 
C77,60 262095 0.00 
C77,61 231173 0.00 
C77,62 256174 0.00 
C77,63 279448 0.00 
C77,64 252846 0.00 
C77,65 272072 0.00 
C77,66 283248 0.00 
C77,67 255641 0.00 
C77,68 221836 0.00 
C77,69 252559 0.00 
C77,70 280489 0.00 
C77,71 234367 0.00 
C77,72 284712 0.00 
C77,73 233231 0.00 
C77,74 279058 0.00 
C77,75 245620 0.00 
C77,76 231792 0.00 
C77,77 241280 0.00 
C77,78 269725 0.00 
C77,79 289120 0.00 
C77,80 256893 0.00 
C77,81 270647 0.00 
C77,82 255489 0.00 
C77,83 277171 0.00 
C77,84 236750 0.00 
C77,85 270111 0.00 
C77,86 277322 0.00 
C77,87 258132 0.00 
C77,88 291509 0.00 
C77,89 251268 0.00 
C77,90 268986 0.00 
C77,91 266236 0.00 
C77,92 272462 0.00 
C77,93 245252 0.00 
C77,94 269296 0.00 
C77,95 263188 0.00 
C77,96 236854 0.00 
C77,97 252466 0.00 
C77,98 248587 0.00 
C77,99 264113 0.00 
C77,100 261470 0.00 
C78,1 224662 0.00 
C78,2 215113 0.00 
C78,3 248670 0.00 
C78,4 252452 0.00 
C78,5 218048 0.00 
C78,6 219020 0.00 
C78,7 233493 0.00 
C78,8 243557 0.00 
C78,9 229494 0.00 
C78,10 213707 0.00 
C78,11 234649 0.00 
C78,12 231031 0.00 
C78,13 251489 0.00 
C78,14 221723 0.00 
C78,15 230916 0.00 
C78,16 244222 0.00 
C78,17 209289 0.00 
C78,18 256175 0.00 
C78,19 220231 0.00 
C78,20 260643 0.00 
C78,21 241462 0.00 
C78,22 246526 0.00 
C78,23 224412 0.00 
C78,24 231310 0.00 
C78,25 247013 0.00 
C78,26 210683 0.00 
C78,27 240095 0.00 
C78,28 231788 0.00 
C78,29 259025 0.00 
C78,30 234596 0.00 
C78,31 250748 0.00 
C78,32 217437 0.00 
C78,33 254184 0.00 
C78,34 236570 0.00 
C78,35 240988 0.00 
C78,36 251125 0.00 
C78,37 224338 0.00 
C78,38 223459 0.00 
C78,39 227317 0.00 
C78,40 232941 0.00 
C78,41 213161 0.00 
C78,42 244720 0.00 
C78,43 241507 0.00 
C78,44 253233 0.00 
C78,45 261345 0.00 
C78,46 212472 0.00 
C78,47 211804 0.00 
C78,48 218326 0.00 
C78,49 238932 0.00 
C78,50 209584 0.00 
C78,51 225228 0.00 
C78,52 252124 0.00 
C78,53 257287 0.00 
C78,54 264550 0.00 
C78,55 221071 0.00 
C78,56 211154 0.00 
C78,57 226076 0.00 
C78,58 253852 0.00 
C78,59 217436 0.00 
C78,60 256701 0.00 
C78,61 245245 0.00 
C78,62 251173 0.00 
C78,63 261461 0.00 
C78,64 253778 0.00 
C78,65 238270 0.00 
C78,66 249859 0.00 
C78,67 237087 0.00 
C78,68 187532 0.00 
C78,69 219429 0.00 
C78,70 253072 0.00 
C78,71 218047 0.00 
C78,72 258688 0.00 
C78,73 227487 0.00 
C78,74 242686 0.00 
C78,75 223640 0.00 
C78,76 204397 0.00 
C78,77 218556 0.00 
C78,78 246565 0.00 
C78,79 273905 0.00 
C78,80 228728 0.00 
C78,81 239973 0.00 
C78,82 216899 0.00 
C78,83 244977 0.00 
C78,84 235571 0.00 
C78,85 228430 0.00 
C78,86 238772 0.00 
C78,87 241348 0.00 
C78,88 253222 0.00 
C78,89 232745 0.00 
C78,90 260832 0.00 
C78,91 243371 0.00 
C78,92 258383 0.00 
C78,93 246942 0.00 
C78,94 223939 0.00 
C78,95 242653 0.00 
C78,96 214580 0.00 
C78,97 217277 0.00 
C78,98 212687 0.00 
C78,99 242142 0.00 
C78,100 242787 0.00 
C79,1 209865 0.00 
C79,2 217667 0.00 
C79,3 255708 0.00 
C79,4 258933 0.00 
C79,5 223754 0.00 
C79,6 217072 0.00 
C79,7 262579 0.00 
C79,8 221770 0.00 
C79,9 223748 0.00 
C79,10 205107 0.00 
C79,11 226136 0.00 
C79,12 219571 0.00 
C79,13 230965 0.00 
C79,14 232136 0.00 
C79,15 240375 0.00 
C79,16 240701 0.00 
C79,17 222807 0.00 
C79,18 264900 0.00 
C79,19 223466 0.00 
C79,20 265410 0.00 
C79,21 231912 0.00 
C79,22 247649 0.00 
C79,23 230134 0.00 
C79,24 235503 0.00 
C79,25 281671 0.00 
C79,26 212706 0.00 
C79,27 237575 0.00 
C79,28 229500 0.00 
C79,29 240675 0.00 
C79,30 239028 0.00 
C79,31 250467 0.00 
C79,32 222383 0.00 
C79,33 241214 0.00 
C79,34 236807 0.00 
C79,35 222681 0.00 
C79,36 243387 0.00 
C79,37 235024 0.00 
C79,38 229736 0.00 
C79,39 236324 0.00 
C79,40 232944 0.00 
C79,41 227909 0.00 
C79,42 245270 0.00 
C79,43 229564 0.00 
C79,44 255516 0.00 
C79,45 253409 0.00 
C79,46 228930 0.00 
C79,47 225330 0.00 
C79,48 212985 0.00 
C79,49 237421 0.00 
C79,50 219329 0.00 
C79,51 227173 0.00 
C79,52 240824 0.00 
C79,53 255657 0.00 
C79,54 246729 0.00 
C79,55 225730 0.00 
C79,56 224917 0.00 
C79,57 216860 0.00 
C79,58 264130 0.00 
C79,59 229110 0.00 
C79,60 241590 0.00 
C79,61 231600 0.00 
C79,62 227716 0.00 
C79,63 259084 0.00 
C79,64 233507 0.00 
C79,65 242319 0.00 
C79,66 247304 0.00 
C79,67 234108 0.00 
C79,68 189289 0.00 
C79,69 240154 0.00 
C79,70 253024 0.00 
C79,71 200932 0.00 
C79,72 245919 0.00 
C79,73 236161 0.00 
C79,74 238833 0.00 
C79,75 227835 0.00 
C79,76 202430 0.00 
C79,77 245251 0.00 
C79,78 255761 0.00 
C79,79 274795 0.00 
C79,80 230139 0.00 
C79,81 253048 0.00 
C79,82 245548 0.00 
C79,83 247775 0.00 
C79,84 227650 0.00 
C79,85 225725 0.00 
C79,86 241267 0.00 
C79,87 242467 0.00 
C79,88 261529 0.00 
C79,89 226065 0.00 
C79,90 247561 0.00 
C79,91 241030 0.00 
C79,92 235045 0.00 
C79,93 240262 0.00 
C79,94 256469 0.00 
C79,95 239720 0.00 
C79,96 215153 0.00 
C79,97 232033 0.00 
C79,98 220412 0.00 
C79,99 245462 0.00 
C79,100 225749 0.00 
C80,1 287020 0.00 
C80,2 264259 0.00 
C80,3 306265 0.00 
C80,4 321711 0.00 
C80,5 275933 0.00 
C80,6 258623 0.00 
C80,7 301823 0.00 
C80,8 272875 0.00 
C80,9 258343 0.00 
C80,10 247613 0.00 
C80,11 263755 0.00 
C80,12 251036 0.00 
C80,13 277359 0.00 
C80,14 266277 0.00 
C80,15 285760 0.00 
C80,16 284910 0.00 
C80,17 261622 0.00 
C80,18 294416 0.00 
C80,19 284952 0.00 
C80,20 318810 0.00 
C80,21 282572 0.00 
C80,22 286699 0.00 
C80,23 257422 0.00 
C80,24 260057 0.00 
C80,25 308421 0.00 
C80,26 242215 0.00 
C80,27 265352 0.00 
C80,28 285443 0.00 
C80,29 265906 0.00 
C80,30 272177 0.00 
C80,31 291744 0.00 
C80,32 264991 0.00 
C80,33 290182 0.00 
C80,34 271893 0.00 
C80,35 272709 0.00 
C80,36 273594 0.00 
C80,37 277361 0.00 
C80,38 266682 0.00 
C80,39 270819 0.00 
C80,40 278262 0.00 
C80,41 267389 0.00 
C80,42 255428 0.00 
C80,43 292760 0.00 
C80,44 287209 0.00 
C80,45 307250 0.00 
C80,46 256494 0.00 
C80,47 290255 0.00 
C80,48 241554 0.00 
C80,49 268355 0.00 
C80,50 255597 0.00 
C80,51 257508 0.00 
C80,52 283394 0.00 
C80,53 293781 0.00 
C80,54 277282 0.00 
C80,55 235123 0.00 
C80,56 268822 0.00 
C80,57 240334 0.00 
C80,58 301781 0.00 
C80,59 259885 0.00 
C80,60 285664 0.00 
C80,61 257216 0.00 
C80,62 277389 0.00 
C80,63 304052 0.00 
C80,64 277154 0.00 
C80,65 298095 0.00 
C80,66 288395 0.00 
C80,67 280334 0.00 
C80,68 217841 0.00 
C80,69 272482 0.00 
C80,70 274138 0.00 
C80,71 264552 0.00 
C80,72 308935 0.00 
C80,73 267326 0.00 
C80,74 295836 0.00 
C80,75 252493 0.00 
C80,76 238400 0.00 
C80,77 260205 0.00 
C80,78 292793 0.00 
C80,79 323035 0.00 
C80,80 261722 0.00 
C80,81 289228 0.00 
C80,82 261496 0.00 
C80,83 273965 0.00 
C80,84 266299 0.00 
C80,85 270578 0.00 
C80,86 288531 0.00 
C80,87 279024 0.00 
C80,88 311487 0.00 
C80,89 263648 0.00 
C80,90 307910 0.00 
C80,91 268382 0.00 
C80,92 291270 0.00 
C80,93 272559 0.00 
C80,94 285008 0.00 
C80,95 281399 0.00 
C80,96 258046 0.00 
C80,97 262996 0.00 
C80,98 261816 0.00 
C80,99 275337 0.00 
C80,100 273023 0.00 
C81,1 257487 0.00 
C81,2 240160 0.00 
C81,3 262628 0.00 
C81,4 291406 0.00 
C81,5 242085 0.00 
C81,6 247839 0.00 
C81,7 278745 0.00 
C81,8 270048 0.00 
C81,9 240146 0.00 
C81,10 265707 0.00 
C81,11 257614 0.00 
C81,12 241045 0.00 
C81,13 266392 0.00 
C81,14 257818 0.00 
C81,15 261179 0.00 
C81,16 262081 0.00 
C81,17 255763 0.00 
C81,18 291961 0.00 
C81,19 262793 0.00 
C81,20 309562 0.00 
C81,21 257667 0.00 
C81,22 270028 0.00 
C81,23 270310 0.00 
C81,24 252951 0.00 
C81,25 300871 0.00 
C81,26 228430 0.00 
C81,27 262877 0.00 
C81,28 264627 0.00 
C81,29 254632 0.00 
C81,30 259122 0.00 
C81,31 293972 0.00 
C81,32 256900 0.00 
C81,33 260522 0.00 
C81,34 260203 0.00 
C81,35 250449 0.00 
C81,36 252683 0.00 
C81,37 266979 0.00 
C81,38 254900 0.00 
C81,39 260451 0.00 
C81,40 254080 0.00 
C81,41 253012 0.00 
C81,42 254189 0.00 
C81,43 261441 0.00 
C81,44 264552 0.00 
C81,45 285234 0.00 
C81,46 261786 0.00 
C81,47 258785 0.00 
C81,48 232427 0.00 
C81,49 257292 0.00 
C81,50 245914 0.00 
C81,51 235800 0.00 
C81,52 274768 0.00 
C81,53 283393 0.00 
C81,54 278415 0.00 
C81,55 241518 0.00 
C81,56 240145 0.00 
C81,57 244578 0.00 
C81,58 287141 0.00 
C81,59 247697 0.00 
C81,60 280831 0.00 
C81,61 237877 0.00 
C81,62 259857 0.00 
C81,63 284811 0.00 
C81,64 263059 0.00 
C81,65 278952 0.00 
C81,66 281458 0.00 
C81,67 258786 0.00 
C81,68 215331 0.00 
C81,69 260138 0.00 
C81,70 263767 0.00 
C81,71 243713 0.00 
C81,72 289240 0.00 
C81,73 259072 0.00 
C81,74 279623 0.00 
C81,75 238119 0.00 
C81,76 239487 0.00 
C81,77 268285 0.00 
C81,78 292047 0.00 
C81,79 306511 0.00 
C81,80 248668 0.00 
C81,81 274339 0.00 
C81,82 258747 0.00 
C81,83 277042 0.00 
C81,84 251067 0.00 
C81,85 256507 0.00 
C81,86 269698 0.00 
C81,87 252165 0.00 
C81,88 286560 0.00 
C81,89 256656 0.00 
C81,90 284346 0.00 
C81,91 268913 0.00 
C81,92 281726 0.00 
C81,93 262349 0.00 
C81,94 276285 0.00 
C81,95 255841 0.00 
C81,96 257521 0.00 
C81,97 255127 0.00 
C81,98 236629 0.00 
C81,99 255204 0.00 
C81,100 249716 0.00 
C82,1 237177 0.00 
C82,2 223670 0.00 
C82,3 258374 0.00 
C82,4 290578 0.00 
C82,5 231350 0.00 
C82,6 245232 0.00 
C82,7 258036 0.00 
C82,8 238475 0.00 
C82,9 235506 0.00 
C82,10 231594 0.00 
C82,11 235610 0.00 
C82,12 220325 0.00 
C82,13 238606 0.00 
C82,14 240379 0.00 
C82,15 245016 0.00 
C82,16 249074 0.00 
C82,17 239080 0.00 
C82,18 272850 0.00 
C82,19 235622 0.00 
C82,20 266091 0.00 
C82,21 250687 0.00 
C82,22 266312 0.00 
C82,23 232088 0.00 
C82,24 231127 0.00 
C82,25 283073 0.00 
C82,26 211959 0.00 
C82,27 240138 0.00 
C82,28 253677 0.00 
C82,29 257478 0.00 
C82,30 254018 0.00 
C82,31 262884 0.00 
C82,32 216094 0.00 
C82,33 251697 0.00 
C82,34 245149 0.00 
C82,35 238251 0.00 
C82,36 267203 0.00 
C82,37 237920 0.00 
C82,38 225405 0.00 
C82,39 235157 0.00 
C82,40 252207 0.00 
C82,41 258199 0.00 
C82,42 238296 0.00 
C82,43 242086 0.00 
C82,44 255893 0.00 
C82,45 263715 0.00 
C82,46 233409 0.00 
C82,47 261134 0.00 
C82,48 217691 0.00 
C82,49 239840 0.00 
C82,50 229307 0.00 
C82,51 225171 0.00 
C82,52 251470 0.00 
C82,53 267474 0.00 
C82,54 255750 0.00 
C82,55 228967 0.00 
C82,56 244408 0.00 
C82,57 218527 0.00 
C82,58 261987 0.00 
C82,59 234163 0.00 
C82,60 244962 0.00 
C82,61 226379 0.00 
C82,62 232694 0.00 
C82,63 279072 0.00 
C82,64 253607 0.00 
C82,65 269901 0.00 
C82,66 268011 0.00 
C82,67 247040 0.00 
C82,68 216384 0.00 
C82,69 240640 0.00 
C82,70 249152 0.00 
C82,71 219151 0.00 
C82,72 258735 0.00 
C82,73 223053 0.00 
C82,74 269634 0.00 
C82,75 215624 0.00 
C82,76 215657 0.00 
C82,77 226771 0.00 
C82,78 271354 0.00 
C82,79 290235 0.00 
C82,80 233406 0.00 
C82,81 248621 0.00 
C82,82 246793 0.00 
C82,83 241312 0.00 
C82,84 223300 0.00 
C82,85 244406 0.00 
C82,86 257248 0.00 
C82,87 232006 0.00 
C82,88 268265 0.00 
C82,89 239099 0.00 
C82,90 261224 0.00 
C82,91 258892 0.00 
C82,92 267861 0.00 
C82,93 240539 0.00 
C82,94 264744 0.00 
C82,95 246526 0.00 
C82,96 230786 0.00 
C82,97 232505 0.00 
C82,98 227058 0.00 
C82,99 236805 0.00 
C82,100 249270 0.00 
C83,1 227361 0.00 
C83,2 215060 0.00 
C83,3 254711 0.00 
C83,4 264733 0.00 
C83,5 221189 0.00 
C83,6 239318 0.00 
C83,7 246779 0.00 
C83,8 239358 0.00 
C83,9 244202 0.00 
C83,10 217558 0.00 
C83,11 240093 0.00 
C83,12 228113 0.00 
C83,13 243923 0.00 
C83,14 218561 0.00 
C83,15 245343 0.00 
C83,16 257702 0.00 
C83,17 231533 0.00 
C83,18 260765 0.00 
C83,19 243226 0.00 
C83,20 261266 0.00 
C83,21 247715 0.00 
C83,22 249830 0.00 
C83,23 231988 0.00 
C83,24 237114 0.00 
C83,25 272155 0.00 
C83,26 235747 0.00 
C83,27 249859 0.00 
C83,28 241878 0.00 
C83,29 255265 0.00 
C83,30 253089 0.00 
C83,31 254093 0.00 
C83,32 224507 0.00 
C83,33 269797 0.00 
C83,34 247992 0.00 
C83,35 239921 0.00 
C83,36 264291 0.00 
C83,37 245285 0.00 
C83,38 232151 0.00 
C83,39 236355 0.00 
C83,40 250717 0.00 
C83,41 244096 0.00 
C83,42 251329 0.00 
C83,43 248181 0.00 
C83,44 254521 0.00 
C83,45 269825 0.00 
C83,46 218056 0.00 
C83,47 248951 0.00 
C83,48 221203 0.00 
C83,49 253663 0.00 
C83,50 219339 0.00 
C83,51 222630 0.00 
C83,52 255107 0.00 
C83,53 275959 0.00 
C83,54 268725 0.00 
C83,55 223079 0.00 
C83,56 230343 0.00 
C83,57 222877 0.00 
C83,58 265163 0.00 
C83,59 230195 0.00 
C83,60 257648 0.00 
C83,61 234322 0.00 
C83,62 240365 0.00 
C83,63 271709 0.00 
C83,64 255096 0.00 
C83,65 265809 0.00 
C83,66 272230 0.00 
C83,67 237704 0.00 
C83,68 203155 0.00 
C83,69 242730 0.00 
C83,70 260167 0.00 
C83,71 222136 0.00 
C83,72 255563 0.00 
C83,73 225579 0.00 
C83,74 260408 0.00 
C83,75 219699 0.00 
C83,76 203771 0.00 
C83,77 242448 0.00 
C83,78 267722 0.00 
C83,79 288104 0.00 
C83,80 234739 0.00 
C83,81 264171 0.00 
C83,82 241711 0.00 
C83,83 254257 0.00 
C83,84 235294 0.00 
C83,85 253862 0.00 
C83,86 251964 0.00 
C83,87 239898 0.00 
C83,88 257963 0.00 
C83,89 245242 0.00 
C83,90 269820 0.00 
C83,91 254213 0.00 
C83,92 256841 0.00 
C83,93 238653 0.00 
C83,94 259853 0.00 
C83,95 258019 0.00 
C83,96 219072 0.00 
C83,97 248283 0.00 
C83,98 229199 0.00 
C83,99 241453 0.00 
C83,100 230033 0.00 
C84,1 264826 0.00 
C84,2 251744 0.00 
C84,3 262793 0.00 
C84,4 315323 0.00 
C84,5 253293 0.00 
C84,6 257675 0.00 
C84,7 298113 0.00 
C84,8 261969 0.00 
C84,9 253686 0.00 
C84,10 252219 0.00 
C84,11 254285 0.00 
C84,12 259706 0.00 
C84,13 263088 0.00 
C84,14 256919 0.00 
C84,15 279382 0.00 
C84,16 284906 0.00 
C84,17 266310 0.00 
C84,18 303972 0.00 
C84,19 265172 0.00 
C84,20 300152 0.00 
C84,21 268225 0.00 
C84,22 295507 0.00 
C84,23 275364 0.00 
C84,24 261150 0.00 
C84,25 316747 0.00 
C84,26 236093 0.00 
C84,27 260386 0.00 
C84,28 280087 0.00 
C84,29 276745 0.00 
C84,30 272736 0.00 
C84,31 307216 0.00 
C84,32 267812 0.00 
C84,33 283542 0.00 
C84,34 265268 0.00 
C84,35 258127 0.00 
C84,36 294501 0.00 
C84,37 262015 0.00 
C84,38 259499 0.00 
C84,39 278976 0.00 
C84,40 263238 0.00 
C84,41 269364 0.00 
C84,42 277519 0.00 
C84,43 264938 0.00 
C84,44 279350 0.00 
C84,45 288892 0.00 
C84,46 270729 0.00 
C84,47 277204 0.00 
C84,48 248497 0.00 
C84,49 267640 0.00 
C84,50 246392 0.00 
C84,51 261745 0.00 
C84,52 282030 0.00 
C84,53 307836 0.00 
C84,54 288472 0.00 
C84,55 245260 0.00 
C84,56 250213 0.00 
C84,57 250081 0.00 
C84,58 290371 0.00 
C84,59 233782 0.00 
C84,60 288288 0.00 
C84,61 255348 0.00 
C84,62 266676 0.00 
C84,63 303428 0.00 
C84,64 284977 0.00 
C84,65 300949 0.00 
C84,66 299985 0.00 
C84,67 282014 0.00 
C84,68 235328 0.00 
C84,69 244215 0.00 
C84,70 275956 0.00 
C84,71 257540 0.00 
C84,72 309623 0.00 
C84,73 268031 0.00 
C84,74 284477 0.00 
C84,75 246023 0.00 
C84,76 248339 0.00 
C84,77 255643 0.00 
C84,78 292739 0.00 
C84,79 319686 0.00 
C84,80 248872 0.00 
C84,81 294166 0.00 
C84,82 258792 0.00 
C84,83 272118 0.00 
C84,84 245682 0.00 
C84,85 281813 0.00 
C84,86 281100 0.00 
C84,87 257796 0.00 
C84,88 297076 0.00 
C84,89 266160 0.00 
C84,90 301720 0.00 
C84,91 291373 0.00 
C84,92 285779 0.00 
C84,93 270148 0.00 
C84,94 300401 0.00 
C84,95 263478 0.00 
C84,96 267468 0.00 
C84,97 256500 0.00 
C84,98 258948 0.00 
C84,99 261188 0.00 
C84,100 283666 0.00 
C85,1 217462 0.00 
C85,2 233336 0.00 
C85,3 267908 0.00 
C85,4 291463 0.00 
C85,5 239034 0.00 
C85,6 244330 0.00 
C85,7 268144 0.00 
C85,8 227873 0.00 
C85,9 224000 0.00 
C85,10 241052 0.00 
C85,11 245899 0.00 
C85,12 232057 0.00 
C85,13 234925 0.00 
C85,14 240524 0.00 
C85,15 244956 0.00 
C85,16 248640 0.00 
C85,17 236794 0.00 
C85,18 268331 0.00 
C85,19 246988 0.00 
C85,20 276377 0.00 
C85,21 251963 0.00 
C85,22 254275 0.00 
C85,23 238935 0.00 
C85,24 231290 0.00 
C85,25 279400 0.00 
C85,26 217974 0.00 
C85,27 245538 0.00 
C85,28 240000 0.00 
C85,29 259292 0.00 
C85,30 257447 0.00 
C85,31 281311 0.00 
C85,32 229245 0.00 
C85,33 248366 0.00 
C85,34 227141 0.00 
C85,35 247448 0.00 
C85,36 260825 0.00 
C85,37 237568 0.00 
C85,38 234490 0.00 
C85,39 259843 0.00 
C85,40 250147 0.00 
C85,41 248266 0.00 
C85,42 236091 0.00 
C85,43 239562 0.00 
C85,44 272993 0.00 
C85,45 277066 0.00 
C85,46 236125 0.00 
C85,47 240012 0.00 
C85,48 230744 0.00 
C85,49 258964 0.00 
C85,50 229956 0.00 
C85,51 237833 0.00 
C85,52 254141 0.00 
C85,53 280880 0.00 
C85,54 252381 0.00 
C85,55 233980 0.00 
C85,56 236169 0.00 
C85,57 218246 0.00 
C85,58 265502 0.00 
C85,59 228467 0.00 
C85,60 257633 0.00 
C85,61 233286 0.00 
C85,62 249119 0.00 
C85,63 265177 0.00 
C85,64 237262 0.00 
C85,65 262303 0.00 
C85,66 267901 0.00 
C85,67 267106 0.00 
C85,68 217552 0.00 
C85,69 237396 0.00 
C85,70 265831 0.00 
C85,71 233054 0.00 
C85,72 272368 0.00 
C85,73 236023 0.00 
C85,74 258182 0.00 
C85,75 225691 0.00 
C85,76 231649 0.00 
C85,77 228409 0.00 
C85,78 272572 0.00 
C85,79 285214 0.00 
C85,80 233585 0.00 
C85,81 263975 0.00 
C85,82 247052 0.00 
C85,83 256968 0.00 
C85,84 233968 0.00 
C85,85 247446 0.00 
C85,86 257694 0.00 
C85,87 236110 0.00 
C85,88 272966 0.00 
C85,89 242540 0.00 
C85,90 253588 0.00 
C85,91 255848 0.00 
C85,92 271341 0.00 
C85,93 241456 0.00 
C85,94 254188 0.00 
C85,95 253419 0.00 
C85,96 213605 0.00 
C85,97 230486 0.00 
C85,98 220098 0.00 
C85,99 244524 0.00 
C85,100 264366 0.00 
C86,1 206773 0.00 
C86,2 214757 0.00 
C86,3 236755 0.00 
C86,4 251636 0.00 
C86,5 205697 0.00 
C86,6 211797 0.00 
C86,7 246713 0.00 
C86,8 218843 0.00 
C86,9 213926 0.00 
C86,10 216484 0.00 
C86,11 226359 0.00 
C86,12 219406 0.00 
C86,13 227673 0.00 
C86,14 215290 0.00 
C86,15 235685 0.00 
C86,16 220544 0.00 
C86,17 211555 0.00 
C86,18 265961 0.00 
C86,19 199881 0.00 
C86,20 275069 0.00 
C86,21 218380 0.00 
C86,22 233385 0.00 
C86,23 240225 0.00 
C86,24 211454 0.00 
C86,25 276732 0.00 
C86,26 206764 0.00 
C86,27 234306 0.00 
C86,28 227280 0.00 
C86,29 235243 0.00 
C86,30 220639 0.00 
C86,31 237588 0.00 
C86,32 221203 0.00 
C86,33 236483 0.00 
C86,34 226280 0.00 
C86,35 220158 0.00 
C86,36 235133 0.00 
C86,37 219992 0.00 
C86,38 212730 0.00 
C86,39 226798 0.00 
C86,40 228105 0.00 
C86,41 215037 0.00 
C86,42 237911 0.00 
C86,43 233552 0.00 
C86,44 237785 0.00 
C86,45 235959 0.00 
C86,46 234266 0.00 
C86,47 216550 0.00 
C86,48 203681 0.00 
C86,49 224701 0.00 
C86,50 204357 0.00 
C86,51 226701 0.00 
C86,52 239283 0.00 
C86,53 231153 0.00 
C86,54 233584 0.00 
C86,55 197886 0.00 
C86,56 211889 0.00 
C86,57 210378 0.00 
C86,58 240644 0.00 
C86,59 214735 0.00 
C86,60 240943 0.00 
C86,61 214228 0.00 
C86,62 223540 0.00 
C86,63 255221 0.00 
C86,64 229695 0.00 
C86,65 241224 0.00 
C86,66 243788 0.00 
C86,67 227805 0.00 
C86,68 194119 0.00 
C86,69 220150 0.00 
C86,70 229178 0.00 
C86,71 224896 0.00 
C86,72 256291 0.00 
C86,73 225239 0.00 
C86,74 251650 0.00 
C86,75 209840 0.00 
C86,76 203890 0.00 
C86,77 221057 0.00 
C86,78 245921 0.00 
C86,79 275573 0.00 
C86,80 203599 0.00 
C86,81 245654 0.00 
C86,82 223034 0.00 
C86,83 223398 0.00 
C86,84 204811 0.00 
C86,85 239388 0.00 
C86,86 234003 0.00 
C86,87 226470 0.00 
C86,88 250253 0.00 
C86,89 219168 0.00 
C86,90 244422 0.00 
C86,91 246777 0.00 
C86,92 222897 0.00 
C86,93 215406 0.00 
C86,94 234549 0.00 
C86,95 230518 0.00 
C86,96 224010 0.00 
C86,97 232842 0.00 
C86,98 208526 0.00 
C86,99 224022 0.00 
C86,100 231777 0.00 
C87,1 237965 0.00 
C87,2 231227 0.00 
C87,3 275277 0.00 
C87,4 272070 0.00 
C87,5 233494 0.00 
C87,6 235135 0.00 
C87,7 263844 0.00 
C87,8 235702 0.00 
C87,9 247170 0.00 
C87,10 236795 0.00 
C87,11 234333 0.00 
C87,12 228524 0.00 
C87,13 247357 0.00 
C87,14 237148 0.00 
C87,15 267449 0.00 
C87,16 256862 0.00 
C87,17 236861 0.00 
C87,18 268545 0.00 
C87,19 254768 0.00 
C87,20 274175 0.00 
C87,21 253762 0.00 
C87,22 266632 0.00 
C87,23 241912 0.00 
C87,24 238458 0.00 
C87,25 289270 0.00 
C87,26 217025 0.00 
C87,27 254283 0.00 
C87,28 253414 0.00 
C87,29 266675 0.00 
C87,30 262104 0.00 
C87,31 260214 0.00 
C87,32 244199 0.00 
C87,33 262775 0.00 
C87,34 251967 0.00 
C87,35 236446 0.00 
C87,36 261186 0.00 
C87,37 248192 0.00 
C87,38 251068 0.00 
C87,39 253239 0.00 
C87,40 254592 0.00 
C87,41 250778 0.00 
C87,42 244212 0.00 
C87,43 250280 0.00 
C87,44 260265 0.00 
C87,45 276704 0.00 
C87,46 238584 0.00 
C87,47 259365 0.00 
C87,48 238828 0.00 
C87,49 255727 0.00 
C87,50 236362 0.00 
C87,51 228891 0.00 
C87,52 255541 0.00 
C87,53 263244 0.00 
C87,54 258135 0.00 
C87,55 239444 0.00 
C87,56 237972 0.00 
C87,57 231437 0.00 
C87,58 272376 0.00 
C87,59 230431 0.00 
C87,60 248676 0.00 
C87,61 240089 0.00 
C87,62 263027 0.00 
C87,63 276680 0.00 
C87,64 264859 0.00 
C87,65 273876 0.00 
C87,66 274640 0.00 
C87,67 250507 0.00 
C87,68 206589 0.00 
C87,69 250917 0.00 
C87,70 260627 0.00 
C87,71 222846 0.00 
C87,72 274564 0.00 
C87,73 242869 0.00 
C87,74 257231 0.00 
C87,75 213089 0.00 
C87,76 217771 0.00 
C87,77 242234 0.00 
C87,78 273317 0.00 
C87,79 301639 0.00 
C87,80 238365 0.00 
C87,81 267777 0.00 
C87,82 252578 0.00 
C87,83 255821 0.00 
C87,84 242191 0.00 
C87,85 256822 0.00 
C87,86 265232 0.00 
C87,87 238957 0.00 
C87,88 263026 0.00 
C87,89 238502 0.00 
C87,90 289033 0.00 
C87,91 247608 0.00 
C87,92 262030 0.00 
C87,93 245226 0.00 
C87,94 258205 0.00 
C87,95 244209 0.00 
C87,96 218395 0.00 
C87,97 235895 0.00 
C87,98 236970 0.00 
C87,99 237964 0.00 
C87,100 250817 0.00 
