100 100
C26,1 247981 0.00 
C26,2 224782 0.00 
C26,3 253778 0.00 
C26,4 273980 0.00 
C26,5 246673 0.00 
C26,6 234089 0.00 
C26,7 260362 0.00 
C26,8 242827 0.00 
C26,9 236329 0.00 
C26,10 238262 0.00 
C26,11 250820 0.00 
C26,12 238695 0.00 
C26,13 250336 0.00 
C26,14 221826 0.00 
C26,15 235584 0.00 
C26,16 254778 0.00 
C26,17 236228 0.00 
C26,18 274366 0.00 
C26,19 248054 0.00 
C26,20 279326 0.00 
C26,21 250065 0.00 
C26,22 268467 0.00 
C26,23 243823 0.00 
C26,24 243499 0.00 
C26,25 279937 0.00 
C26,26 215482 0.00 
C26,27 254404 0.00 
C26,28 243525 0.00 
C26,29 254571 0.00 
C26,30 237028 0.00 
C26,31 259925 0.00 
C26,32 232584 0.00 
C26,33 249803 0.00 
C26,34 248418 0.00 
C26,35 232428 0.00 
C26,36 259838 0.00 
C26,37 247872 0.00 
C26,38 244647 0.00 
C26,39 230853 0.00 
C26,40 244322 0.00 
C26,41 233852 0.00 
C26,42 252517 0.00 
C26,43 248591 0.00 
C26,44 266211 0.00 
C26,45 274648 0.00 
C26,46 225932 0.00 
C26,47 257105 0.00 
C26,48 225020 0.00 
C26,49 238900 0.00 
C26,50 241378 0.00 
C26,51 244007 0.00 
C26,52 254740 0.00 
C26,53 273510 0.00 
C26,54 263132 0.00 
C26,55 226096 0.00 
C26,56 241660 0.00 
C26,57 241174 0.00 
C26,58 284284 0.00 
C26,59 237121 0.00 
C26,60 263161 0.00 
C26,61 229051 0.00 
C26,62 243152 0.00 
C26,63 278013 0.00 
C26,64 256796 0.00 
C26,65 263666 0.00 
C26,66 270432 0.00 
C26,67 261261 0.00 
C26,68 182434 0.00 
C26,69 227821 0.00 
C26,70 245103 0.00 
C26,71 239093 0.00 
C26,72 282284 0.00 
C26,73 246311 0.00 
C26,74 257040 0.00 
C26,75 234093 0.00 
C26,76 212077 0.00 
C26,77 253037 0.00 
C26,78 270858 0.00 
C26,79 286558 0.00 
C26,80 249171 0.00 
C26,81 256413 0.00 
C26,82 226295 0.00 
C26,83 266228 0.00 
C26,84 256631 0.00 
C26,85 245218 0.00 
C26,86 252474 0.00 
C26,87 241961 0.00 
C26,88 274348 0.00 
C26,89 261027 0.00 
C26,90 271163 0.00 
C26,91 247491 0.00 
C26,92 261863 0.00 
C26,93 235789 0.00 
C26,94 258438 0.00 
C26,95 242697 0.00 
C26,96 233398 0.00 
C26,97 243992 0.00 
C26,98 236792 0.00 
C26,99 244708 0.00 
C26,100 256882 0.00 
C27,1 229536 0.00 
C27,2 204812 0.00 
C27,3 233721 0.00 
C27,4 265854 0.00 
C27,5 224116 0.00 
C27,6 223323 0.00 
C27,7 247497 0.00 
C27,8 219323 0.00 
C27,9 209422 0.00 
C27,10 215629 0.00 
C27,11 232528 0.00 
C27,12 203679 0.00 
C27,13 232505 0.00 
C27,14 224587 0.00 
C27,15 224459 0.00 
C27,16 238996 0.00 
C27,17 230073 0.00 
C27,18 265984 0.00 
C27,19 242517 0.00 
C27,20 253205 0.00 
C27,21 219708 0.00 
C27,22 249352 0.00 
C27,23 233811 0.00 
C27,24 210305 0.00 
C27,25 265275 0.00 
C27,26 202453 0.00 
C27,27 223793 0.00 
C27,28 221030 0.00 
C27,29 219085 0.00 
C27,30 242992 0.00 
C27,31 243791 0.00 
C27,32 224886 0.00 
C27,33 243983 0.00 
C27,34 228843 0.00 
C27,35 224478 0.00 
C27,36 242159 0.00 
C27,37 231205 0.00 
C27,38 218624 0.00 
C27,39 231601 0.00 
C27,40 241660 0.00 
C27,41 224350 0.00 
C27,42 229250 0.00 
C27,43 224335 0.00 
C27,44 237738 0.00 
C27,45 245855 0.00 
C27,46 205598 0.00 
C27,47 244521 0.00 
C27,48 193752 0.00 
C27,49 228022 0.00 
C27,50 215102 0.00 
C27,51 188992 0.00 
C27,52 246342 0.00 
C27,53 255363 0.00 
C27,54 243471 0.00 
C27,55 210068 0.00 
C27,56 217127 0.00 
C27,57 214697 0.00 
C27,58 239680 0.00 
C27,59 226286 0.00 
C27,60 244140 0.00 
C27,61 205793 0.00 
C27,62 239368 0.00 
C27,63 272715 0.00 
C27,64 242745 0.00 
C27,65 241804 0.00 
C27,66 239627 0.00 
C27,67 238861 0.00 
C27,68 197176 0.00 
C27,69 227343 0.00 
C27,70 221479 0.00 
C27,71 198344 0.00 
C27,72 250420 0.00 
C27,73 232658 0.00 
C27,74 254814 0.00 
C27,75 214672 0.00 
C27,76 199816 0.00 
C27,77 217052 0.00 
C27,78 259121 0.00 
C27,79 259642 0.00 
C27,80 226760 0.00 
C27,81 252966 0.00 
C27,82 231805 0.00 
C27,83 244106 0.00 
C27,84 219050 0.00 
C27,85 226773 0.00 
C27,86 253462 0.00 
C27,87 218728 0.00 
C27,88 249678 0.00 
C27,89 228764 0.00 
C27,90 238545 0.00 
C27,91 234997 0.00 
C27,92 252976 0.00 
C27,93 224832 0.00 
C27,94 244631 0.00 
C27,95 234843 0.00 
C27,96 215673 0.00 
C27,97 229544 0.00 
C27,98 210046 0.00 
C27,99 217076 0.00 
C27,100 235272 0.00 
C28,1 256131 0.00 
C28,2 227476 0.00 
C28,3 264654 0.00 
C28,4 292528 0.00 
C28,5 246015 0.00 
C28,6 252150 0.00 
C28,7 282804 0.00 
C28,8 258854 0.00 
C28,9 260977 0.00 
C28,10 243889 0.00 
C28,11 248425 0.00 
C28,12 243767 0.00 
C28,13 268718 0.00 
C28,14 272187 0.00 
C28,15 272690 0.00 
C28,16 274116 0.00 
C28,17 242047 0.00 
C28,18 281424 0.00 
C28,19 252841 0.00 
C28,20 287491 0.00 
C28,21 272113 0.00 
C28,22 284967 0.00 
C28,23 253074 0.00 
C28,24 254632 0.00 
C28,25 300413 0.00 
C28,26 248626 0.00 
C28,27 254170 0.00 
C28,28 278745 0.00 
C28,29 256086 0.00 
C28,30 272874 0.00 
C28,31 281102 0.00 
C28,32 253206 0.00 
C28,33 270911 0.00 
C28,34 260889 0.00 
C28,35 260683 0.00 
C28,36 268132 0.00 
C28,37 271945 0.00 
C28,38 262343 0.00 
C28,39 255545 0.00 
C28,40 251657 0.00 
C28,41 252992 0.00 
C28,42 244557 0.00 
C28,43 268292 0.00 
C28,44 275341 0.00 
C28,45 274962 0.00 
C28,46 262968 0.00 
C28,47 261082 0.00 
C28,48 245263 0.00 
C28,49 262317 0.00 
C28,50 246725 0.00 
C28,51 244828 0.00 
C28,52 267543 0.00 
C28,53 296962 0.00 
C28,54 277092 0.00 
C28,55 258514 0.00 
C28,56 253109 0.00 
C28,57 241062 0.00 
C28,58 290564 0.00 
C28,59 236778 0.00 
C28,60 284683 0.00 
C28,61 248914 0.00 
C28,62 255693 0.00 
C28,63 299719 0.00 
C28,64 274376 0.00 
C28,65 291238 0.00 
C28,66 290166 0.00 
C28,67 254174 0.00 
C28,68 205047 0.00 
C28,69 264719 0.00 
C28,70 283566 0.00 
C28,71 240274 0.00 
C28,72 280583 0.00 
C28,73 268925 0.00 
C28,74 264649 0.00 
C28,75 232005 0.00 
C28,76 227044 0.00 
C28,77 238115 0.00 
C28,78 281355 0.00 
C28,79 305584 0.00 
C28,80 261284 0.00 
C28,81 274668 0.00 
C28,82 262291 0.00 
C28,83 265679 0.00 
C28,84 242326 0.00 
C28,85 271687 0.00 
C28,86 294230 0.00 
C28,87 253113 0.00 
C28,88 287570 0.00 
C28,89 261508 0.00 
C28,90 281273 0.00 
C28,91 272471 0.00 
C28,92 276412 0.00 
C28,93 255930 0.00 
C28,94 271822 0.00 
C28,95 264274 0.00 
C28,96 243291 0.00 
C28,97 244142 0.00 
C28,98 229197 0.00 
C28,99 256555 0.00 
C28,100 256126 0.00 
C29,1 233183 0.00 
C29,2 214730 0.00 
C29,3 245658 0.00 
C29,4 269663 0.00 
C29,5 238549 0.00 
C29,6 243882 0.00 
C29,7 265463 0.00 
C29,8 225173 0.00 
C29,9 221094 0.00 
C29,10 224189 0.00 
C29,11 234842 0.00 
C29,12 241685 0.00 
C29,13 240198 0.00 
C29,14 256651 0.00 
C29,15 240916 0.00 
C29,16 248555 0.00 
C29,17 224544 0.00 
C29,18 265119 0.00 
C29,19 234254 0.00 
C29,20 267564 0.00 
C29,21 242098 0.00 
C29,22 260540 0.00 
C29,23 250740 0.00 
C29,24 241402 0.00 
C29,25 279762 0.00 
C29,26 234118 0.00 
C29,27 233796 0.00 
C29,28 238144 0.00 
C29,29 240634 0.00 
C29,30 245737 0.00 
C29,31 261689 0.00 
C29,32 220801 0.00 
C29,33 238113 0.00 
C29,34 246566 0.00 
C29,35 233702 0.00 
C29,36 254907 0.00 
C29,37 241162 0.00 
C29,38 225721 0.00 
C29,39 259322 0.00 
C29,40 250460 0.00 
C29,41 237319 0.00 
C29,42 245872 0.00 
C29,43 225106 0.00 
C29,44 258364 0.00 
C29,45 262591 0.00 
C29,46 241614 0.00 
C29,47 221070 0.00 
C29,48 226760 0.00 
C29,49 240888 0.00 
C29,50 219077 0.00 
C29,51 223999 0.00 
C29,52 253778 0.00 
C29,53 283680 0.00 
C29,54 253107 0.00 
C29,55 202261 0.00 
C29,56 211996 0.00 
C29,57 209161 0.00 
C29,58 268846 0.00 
C29,59 228682 0.00 
C29,60 249029 0.00 
C29,61 235126 0.00 
C29,62 228939 0.00 
C29,63 275937 0.00 
C29,64 255343 0.00 
C29,65 248328 0.00 
C29,66 262532 0.00 
C29,67 245470 0.00 
C29,68 210838 0.00 
C29,69 234766 0.00 
C29,70 234537 0.00 
C29,71 216381 0.00 
C29,72 251408 0.00 
C29,73 228775 0.00 
C29,74 267330 0.00 
C29,75 241236 0.00 
C29,76 204494 0.00 
C29,77 229437 0.00 
C29,78 262258 0.00 
C29,79 276018 0.00 
C29,80 227431 0.00 
C29,81 261892 0.00 
C29,82 247539 0.00 
C29,83 235478 0.00 
C29,84 210179 0.00 
C29,85 243145 0.00 
C29,86 253689 0.00 
C29,87 217548 0.00 
C29,88 263487 0.00 
C29,89 236769 0.00 
C29,90 245761 0.00 
C29,91 249691 0.00 
C29,92 256817 0.00 
C29,93 234739 0.00 
C29,94 253513 0.00 
C29,95 257159 0.00 
C29,96 233209 0.00 
C29,97 214964 0.00 
C29,98 226614 0.00 
C29,99 249073 0.00 
C29,100 251793 0.00 
C30,1 233610 0.00 
C30,2 212938 0.00 
C30,3 256918 0.00 
C30,4 276122 0.00 
C30,5 231470 0.00 
C30,6 228872 0.00 
C30,7 267280 0.00 
C30,8 232688 0.00 
C30,9 231923 0.00 
C30,10 211173 0.00 
C30,11 244689 0.00 
C30,12 246339 0.00 
C30,13 235732 0.00 
C30,14 249902 0.00 
C30,15 244488 0.00 
C30,16 257595 0.00 
C30,17 238151 0.00 
C30,18 271289 0.00 
C30,19 247880 0.00 
C30,20 262631 0.00 
C30,21 241819 0.00 
C30,22 256275 0.00 
C30,23 251506 0.00 
C30,24 222477 0.00 
C30,25 295895 0.00 
C30,26 213555 0.00 
C30,27 234546 0.00 
C30,28 239439 0.00 
C30,29 256347 0.00 
C30,30 250112 0.00 
C30,31 272826 0.00 
C30,32 233472 0.00 
C30,33 254717 0.00 
C30,34 249024 0.00 
C30,35 242300 0.00 
C30,36 271200 0.00 
C30,37 237106 0.00 
C30,38 231423 0.00 
C30,39 259633 0.00 
C30,40 256435 0.00 
C30,41 244476 0.00 
C30,42 261559 0.00 
C30,43 249716 0.00 
C30,44 270561 0.00 
C30,45 267410 0.00 
C30,46 244086 0.00 
C30,47 232168 0.00 
C30,48 217203 0.00 
C30,49 248669 0.00 
C30,50 235074 0.00 
C30,51 249541 0.00 
C30,52 254207 0.00 
C30,53 275240 0.00 
C30,54 246737 0.00 
C30,55 225006 0.00 
C30,56 215855 0.00 
C30,57 214249 0.00 
C30,58 278044 0.00 
C30,59 245328 0.00 
C30,60 257398 0.00 
C30,61 242899 0.00 
C30,62 239397 0.00 
C30,63 274154 0.00 
C30,64 252283 0.00 
C30,65 263501 0.00 
C30,66 252871 0.00 
C30,67 250644 0.00 
C30,68 210861 0.00 
C30,69 253082 0.00 
C30,70 251899 0.00 
C30,71 235106 0.00 
C30,72 265985 0.00 
C30,73 233692 0.00 
C30,74 257252 0.00 
C30,75 239533 0.00 
C30,76 223831 0.00 
C30,77 232003 0.00 
C30,78 273784 0.00 
C30,79 291550 0.00 
C30,80 216404 0.00 
C30,81 272407 0.00 
C30,82 240378 0.00 
C30,83 222036 0.00 
C30,84 234718 0.00 
C30,85 239658 0.00 
C30,86 260580 0.00 
C30,87 230710 0.00 
C30,88 281475 0.00 
C30,89 241796 0.00 
C30,90 254481 0.00 
C30,91 264301 0.00 
C30,92 261762 0.00 
C30,93 245579 0.00 
C30,94 266000 0.00 
C30,95 252034 0.00 
C30,96 234475 0.00 
C30,97 223753 0.00 
C30,98 222181 0.00 
C30,99 239457 0.00 
C30,100 257716 0.00 
C31,1 243328 0.00 
C31,2 242595 0.00 
C31,3 267909 0.00 
C31,4 286409 0.00 
C31,5 242790 0.00 
C31,6 251339 0.00 
C31,7 280943 0.00 
C31,8 240549 0.00 
C31,9 229133 0.00 
C31,10 225162 0.00 
C31,11 266558 0.00 
C31,12 248376 0.00 
C31,13 258090 0.00 
C31,14 254547 0.00 
C31,15 257799 0.00 
C31,16 270381 0.00 
C31,17 227002 0.00 
C31,18 282183 0.00 
C31,19 248531 0.00 
C31,20 288328 0.00 
C31,21 264716 0.00 
C31,22 284864 0.00 
C31,23 239362 0.00 
C31,24 245271 0.00 
C31,25 309981 0.00 
C31,26 234380 0.00 
C31,27 246414 0.00 
C31,28 259461 0.00 
C31,29 247999 0.00 
C31,30 239295 0.00 
C31,31 270175 0.00 
C31,32 230967 0.00 
C31,33 265024 0.00 
C31,34 251689 0.00 
C31,35 241142 0.00 
C31,36 278431 0.00 
C31,37 255641 0.00 
C31,38 251677 0.00 
C31,39 255679 0.00 
C31,40 272675 0.00 
C31,41 243475 0.00 
C31,42 268142 0.00 
C31,43 259702 0.00 
C31,44 265444 0.00 
C31,45 284020 0.00 
C31,46 235151 0.00 
C31,47 255740 0.00 
C31,48 222153 0.00 
C31,49 245599 0.00 
C31,50 248896 0.00 
C31,51 251206 0.00 
C31,52 259747 0.00 
C31,53 289717 0.00 
C31,54 257883 0.00 
C31,55 236461 0.00 
C31,56 254096 0.00 
C31,57 230493 0.00 
C31,58 277191 0.00 
C31,59 250948 0.00 
C31,60 276468 0.00 
C31,61 242169 0.00 
C31,62 246197 0.00 
C31,63 284701 0.00 
C31,64 279111 0.00 
C31,65 277017 0.00 
C31,66 268171 0.00 
C31,67 264543 0.00 
C31,68 209772 0.00 
C31,69 254285 0.00 
C31,70 258169 0.00 
C31,71 238638 0.00 
C31,72 292662 0.00 
C31,73 248118 0.00 
C31,74 264458 0.00 
C31,75 240785 0.00 
C31,76 227421 0.00 
C31,77 245375 0.00 
C31,78 278207 0.00 
C31,79 286669 0.00 
C31,80 248310 0.00 
C31,81 267317 0.00 
C31,82 243131 0.00 
C31,83 256770 0.00 
C31,84 257346 0.00 
C31,85 255698 0.00 
C31,86 279470 0.00 
C31,87 254073 0.00 
C31,88 284034 0.00 
C31,89 260860 0.00 
C31,90 266169 0.00 
C31,91 262186 0.00 
C31,92 267030 0.00 
C31,93 237322 0.00 
C31,94 267299 0.00 
C31,95 271598 0.00 
C31,96 238369 0.00 
C31,97 231957 0.00 
C31,98 253580 0.00 
C31,99 255934 0.00 
C31,100 278236 0.00 
C32,1 224082 0.00 
C32,2 223101 0.00 
C32,3 258921 0.00 
C32,4 258939 0.00 
C32,5 230505 0.00 
C32,6 220580 0.00 
C32,7 248754 0.00 
C32,8 227306 0.00 
C32,9 227849 0.00 
C32,10 221710 0.00 
C32,11 243910 0.00 
C32,12 213991 0.00 
C32,13 239603 0.00 
C32,14 234646 0.00 
C32,15 242229 0.00 
C32,16 258447 0.00 
C32,17 231552 0.00 
C32,18 267208 0.00 
C32,19 252382 0.00 
C32,20 282496 0.00 
C32,21 251071 0.00 
C32,22 258297 0.00 
C32,23 240532 0.00 
C32,24 237604 0.00 
C32,25 266924 0.00 
C32,26 220664 0.00 
C32,27 241552 0.00 
C32,28 252426 0.00 
C32,29 250178 0.00 
C32,30 257877 0.00 
C32,31 256018 0.00 
C32,32 233944 0.00 
C32,33 251451 0.00 
C32,34 237475 0.00 
C32,35 239883 0.00 
C32,36 257666 0.00 
C32,37 252140 0.00 
C32,38 224795 0.00 
C32,39 235077 0.00 
C32,40 241338 0.00 
C32,41 249215 0.00 
C32,42 239579 0.00 
C32,43 243916 0.00 
C32,44 251092 0.00 
C32,45 266517 0.00 
C32,46 230101 0.00 
C32,47 239381 0.00 
C32,48 210333 0.00 
C32,49 251542 0.00 
C32,50 223969 0.00 
C32,51 232594 0.00 
C32,52 259785 0.00 
C32,53 280301 0.00 
C32,54 247517 0.00 
C32,55 247812 0.00 
C32,56 251169 0.00 
C32,57 219966 0.00 
C32,58 258815 0.00 
C32,59 215580 0.00 
C32,60 265705 0.00 
C32,61 227768 0.00 
C32,62 230550 0.00 
C32,63 281433 0.00 
C32,64 248838 0.00 
C32,65 264264 0.00 
C32,66 252524 0.00 
C32,67 255517 0.00 
C32,68 198437 0.00 
C32,69 239922 0.00 
C32,70 252741 0.00 
C32,71 224453 0.00 
C32,72 266281 0.00 
C32,73 259818 0.00 
C32,74 260707 0.00 
C32,75 217686 0.00 
C32,76 219077 0.00 
C32,77 249518 0.00 
C32,78 264929 0.00 
C32,79 296025 0.00 
C32,80 235998 0.00 
C32,81 250769 0.00 
C32,82 255216 0.00 
C32,83 265411 0.00 
C32,84 238279 0.00 
C32,85 249959 0.00 
C32,86 261860 0.00 
C32,87 242654 0.00 
C32,88 266961 0.00 
C32,89 238851 0.00 
C32,90 254192 0.00 
C32,91 251058 0.00 
C32,92 258754 0.00 
C32,93 243137 0.00 
C32,94 254691 0.00 
C32,95 236034 0.00 
C32,96 227064 0.00 
C32,97 233645 0.00 
C32,98 228763 0.00 
C32,99 245848 0.00 
C32,100 241493 0.00 
C33,1 249457 0.00 
C33,2 249312 0.00 
C33,3 252483 0.00 
C33,4 279337 0.00 
C33,5 254023 0.00 
C33,6 250375 0.00 
C33,7 289923 0.00 
C33,8 250308 0.00 
C33,9 239702 0.00 
C33,10 248073 0.00 
C33,11 270625 0.00 
C33,12 251008 0.00 
C33,13 251038 0.00 
C33,14 252126 0.00 
C33,15 268925 0.00 
C33,16 265392 0.00 
C33,17 242033 0.00 
C33,18 295939 0.00 
C33,19 242408 0.00 
C33,20 298678 0.00 
C33,21 257895 0.00 
C33,22 296949 0.00 
C33,23 259457 0.00 
C33,24 262648 0.00 
C33,25 312582 0.00 
C33,26 245009 0.00 
C33,27 255475 0.00 
C33,28 267622 0.00 
C33,29 265367 0.00 
C33,30 263945 0.00 
C33,31 282700 0.00 
C33,32 262188 0.00 
C33,33 254392 0.00 
C33,34 282514 0.00 
C33,35 247489 0.00 
C33,36 277723 0.00 
C33,37 266479 0.00 
C33,38 274772 0.00 
C33,39 270656 0.00 
C33,40 269524 0.00 
C33,41 254814 0.00 
C33,42 258328 0.00 
C33,43 262832 0.00 
C33,44 279039 0.00 
C33,45 283170 0.00 
C33,46 253224 0.00 
C33,47 263854 0.00 
C33,48 251105 0.00 
C33,49 270355 0.00 
C33,50 242377 0.00 
C33,51 234516 0.00 
C33,52 273655 0.00 
C33,53 303990 0.00 
C33,54 260980 0.00 
C33,55 244789 0.00 
C33,56 250878 0.00 
C33,57 249160 0.00 
C33,58 268829 0.00 
C33,59 242743 0.00 
C33,60 276276 0.00 
C33,61 250503 0.00 
C33,62 276654 0.00 
C33,63 297895 0.00 
C33,64 280139 0.00 
C33,65 281332 0.00 
C33,66 285432 0.00 
C33,67 268185 0.00 
C33,68 223130 0.00 
C33,69 250931 0.00 
C33,70 259678 0.00 
C33,71 242455 0.00 
C33,72 291986 0.00 
C33,73 270505 0.00 
C33,74 296612 0.00 
C33,75 237594 0.00 
C33,76 222468 0.00 
C33,77 272045 0.00 
C33,78 291941 0.00 
C33,79 315712 0.00 
C33,80 256532 0.00 
C33,81 275494 0.00 
C33,82 259175 0.00 
C33,83 279713 0.00 
C33,84 232776 0.00 
C33,85 272440 0.00 
C33,86 273182 0.00 
C33,87 245686 0.00 
C33,88 290792 0.00 
C33,89 254332 0.00 
C33,90 293804 0.00 
C33,91 286644 0.00 
C33,92 290589 0.00 
C33,93 256175 0.00 
C33,94 285740 0.00 
C33,95 264422 0.00 
C33,96 256898 0.00 
C33,97 275657 0.00 
C33,98 255315 0.00 
C33,99 255685 0.00 
C33,100 261790 0.00 
C34,1 222228 0.00 
C34,2 199200 0.00 
C34,3 230294 0.00 
C34,4 232610 0.00 
C34,5 220559 0.00 
C34,6 206121 0.00 
C34,7 252252 0.00 
C34,8 214174 0.00 
C34,9 219942 0.00 
C34,10 215918 0.00 
C34,11 205037 0.00 
C34,12 219698 0.00 
C34,13 241238 0.00 
C34,14 218811 0.00 
C34,15 245807 0.00 
C34,16 224841 0.00 
C34,17 202286 0.00 
C34,18 241021 0.00 
C34,19 217638 0.00 
C34,20 262202 0.00 
C34,21 229792 0.00 
C34,22 241343 0.00 
C34,23 221174 0.00 
C34,24 238051 0.00 
C34,25 276289 0.00 
C34,26 204112 0.00 
C34,27 225258 0.00 
C34,28 230360 0.00 
C34,29 228493 0.00 
C34,30 234890 0.00 
C34,31 240647 0.00 
C34,32 206947 0.00 
C34,33 231405 0.00 
C34,34 225145 0.00 
C34,35 232626 0.00 
C34,36 240115 0.00 
C34,37 232133 0.00 
C34,38 224933 0.00 
C34,39 232295 0.00 
C34,40 229313 0.00 
C34,41 207900 0.00 
C34,42 224458 0.00 
C34,43 224476 0.00 
C34,44 238408 0.00 
C34,45 245754 0.00 
C34,46 221038 0.00 
C34,47 233773 0.00 
C34,48 202692 0.00 
C34,49 211936 0.00 
C34,50 214272 0.00 
C34,51 198912 0.00 
C34,52 234220 0.00 
C34,53 254972 0.00 
C34,54 237328 0.00 
C34,55 191961 0.00 
C34,56 227393 0.00 
C34,57 213058 0.00 
C34,58 252927 0.00 
C34,59 216500 0.00 
C34,60 239176 0.00 
C34,61 216975 0.00 
C34,62 217424 0.00 
C34,63 262386 0.00 
C34,64 245765 0.00 
C34,65 236046 0.00 
C34,66 236428 0.00 
C34,67 226213 0.00 
C34,68 195395 0.00 
C34,69 227172 0.00 
C34,70 232799 0.00 
C34,71 218767 0.00 
C34,72 255510 0.00 
C34,73 219075 0.00 
C34,74 228460 0.00 
C34,75 214557 0.00 
C34,76 201288 0.00 
C34,77 213960 0.00 
C34,78 235167 0.00 
C34,79 274249 0.00 
C34,80 223283 0.00 
C34,81 240658 0.00 
C34,82 219979 0.00 
C34,83 228945 0.00 
C34,84 217266 0.00 
C34,85 223180 0.00 
C34,86 233330 0.00 
C34,87 219789 0.00 
C34,88 259477 0.00 
C34,89 223829 0.00 
C34,90 244358 0.00 
C34,91 219913 0.00 
C34,92 239466 0.00 
C34,93 212942 0.00 
C34,94 248561 0.00 
C34,95 242749 0.00 
C34,96 213395 0.00 
C34,97 228907 0.00 
C34,98 212697 0.00 
C34,99 229416 0.00 
C34,100 240039 0.00 
C35,1 236197 0.00 
C35,2 222716 0.00 
C35,3 251459 0.00 
C35,4 265622 0.00 
C35,5 253390 0.00 
C35,6 230718 0.00 
C35,7 264041 0.00 
C35,8 224825 0.00 
C35,9 231156 0.00 
C35,10 242564 0.00 
C35,11 222546 0.00 
C35,12 231419 0.00 
C35,13 252818 0.00 
C35,14 235914 0.00 
C35,15 261538 0.00 
C35,16 261617 0.00 
C35,17 225010 0.00 
C35,18 261794 0.00 
C35,19 236292 0.00 
C35,20 272353 0.00 
C35,21 234211 0.00 
C35,22 257139 0.00 
C35,23 238699 0.00 
C35,24 230112 0.00 
C35,25 286223 0.00 
C35,26 220339 0.00 
C35,27 236152 0.00 
C35,28 246006 0.00 
C35,29 228871 0.00 
C35,30 255724 0.00 
C35,31 271196 0.00 
C35,32 235356 0.00 
C35,33 249105 0.00 
C35,34 244883 0.00 
C35,35 231029 0.00 
C35,36 251234 0.00 
C35,37 254292 0.00 
C35,38 233964 0.00 
C35,39 248304 0.00 
C35,40 240330 0.00 
C35,41 236067 0.00 
C35,42 234730 0.00 
C35,43 241025 0.00 
C35,44 261613 0.00 
C35,45 269479 0.00 
C35,46 239469 0.00 
C35,47 256519 0.00 
C35,48 226454 0.00 
C35,49 242063 0.00 
C35,50 219331 0.00 
C35,51 225151 0.00 
C35,52 262107 0.00 
C35,53 288401 0.00 
C35,54 251145 0.00 
C35,55 211041 0.00 
C35,56 219604 0.00 
C35,57 224256 0.00 
C35,58 265172 0.00 
C35,59 228607 0.00 
C35,60 251378 0.00 
C35,61 238273 0.00 
C35,62 227941 0.00 
C35,63 277608 0.00 
C35,64 253473 0.00 
C35,65 262462 0.00 
C35,66 264199 0.00 
C35,67 254929 0.00 
C35,68 206292 0.00 
C35,69 238455 0.00 
C35,70 243761 0.00 
C35,71 235459 0.00 
C35,72 269080 0.00 
C35,73 238641 0.00 
C35,74 257810 0.00 
C35,75 214751 0.00 
C35,76 226976 0.00 
C35,77 214175 0.00 
C35,78 256788 0.00 
C35,79 301559 0.00 
C35,80 231198 0.00 
C35,81 247283 0.00 
C35,82 247317 0.00 
C35,83 238650 0.00 
C35,84 219750 0.00 
C35,85 247416 0.00 
C35,86 261083 0.00 
C35,87 228243 0.00 
C35,88 267484 0.00 
C35,89 238498 0.00 
C35,90 267739 0.00 
C35,91 253406 0.00 
C35,92 266859 0.00 
C35,93 222540 0.00 
C35,94 256062 0.00 
C35,95 234493 0.00 
C35,96 232344 0.00 
C35,97 218502 0.00 
C35,98 227303 0.00 
C35,99 233768 0.00 
C35,100 232802 0.00 
C36,1 220701 0.00 
C36,2 201284 0.00 
C36,3 241159 0.00 
C36,4 259279 0.00 
C36,5 225435 0.00 
C36,6 210192 0.00 
C36,7 234875 0.00 
C36,8 231558 0.00 
C36,9 211423 0.00 
C36,10 209555 0.00 
C36,11 233535 0.00 
C36,12 213396 0.00 
C36,13 225215 0.00 
C36,14 238058 0.00 
C36,15 239287 0.00 
C36,16 227501 0.00 
C36,17 228508 0.00 
C36,18 264073 0.00 
C36,19 225209 0.00 
C36,20 250166 0.00 
C36,21 218712 0.00 
C36,22 248322 0.00 
C36,23 239255 0.00 
C36,24 228773 0.00 
C36,25 258535 0.00 
C36,26 208273 0.00 
C36,27 225674 0.00 
C36,28 235312 0.00 
C36,29 234367 0.00 
C36,30 240109 0.00 
C36,31 247297 0.00 
C36,32 212248 0.00 
C36,33 237012 0.00 
C36,34 228265 0.00 
C36,35 238973 0.00 
C36,36 244178 0.00 
C36,37 218623 0.00 
C36,38 216758 0.00 
C36,39 221147 0.00 
C36,40 248322 0.00 
C36,41 225582 0.00 
C36,42 228630 0.00 
C36,43 220990 0.00 
C36,44 256102 0.00 
C36,45 259605 0.00 
C36,46 227240 0.00 
C36,47 231718 0.00 
C36,48 207715 0.00 
C36,49 229963 0.00 
C36,50 215171 0.00 
C36,51 212407 0.00 
C36,52 238312 0.00 
C36,53 261699 0.00 
C36,54 241906 0.00 
C36,55 216783 0.00 
C36,56 217433 0.00 
C36,57 204137 0.00 
C36,58 247535 0.00 
C36,59 224974 0.00 
C36,60 258673 0.00 
C36,61 206852 0.00 
C36,62 223295 0.00 
C36,63 269716 0.00 
C36,64 238194 0.00 
C36,65 250386 0.00 
C36,66 233738 0.00 
C36,67 250912 0.00 
C36,68 197759 0.00 
C36,69 221039 0.00 
C36,70 224195 0.00 
C36,71 225619 0.00 
C36,72 265280 0.00 
C36,73 238622 0.00 
C36,74 261654 0.00 
C36,75 225223 0.00 
C36,76 206320 0.00 
C36,77 218950 0.00 
C36,78 251650 0.00 
C36,79 277514 0.00 
C36,80 223590 0.00 
C36,81 240829 0.00 
C36,82 231258 0.00 
C36,83 241330 0.00 
C36,84 217646 0.00 
C36,85 216028 0.00 
C36,86 252306 0.00 
C36,87 220345 0.00 
C36,88 257607 0.00 
C36,89 231267 0.00 
C36,90 243612 0.00 
C36,91 258813 0.00 
C36,92 264343 0.00 
C36,93 234400 0.00 
C36,94 240122 0.00 
C36,95 231283 0.00 
C36,96 223695 0.00 
C36,97 216585 0.00 
C36,98 209267 0.00 
C36,99 226428 0.00 
C36,100 243542 0.00 
C37,1 224823 0.00 
C37,2 216294 0.00 
C37,3 254419 0.00 
C37,4 255851 0.00 
C37,5 239027 0.00 
C37,6 224082 0.00 
C37,7 238676 0.00 
C37,8 220666 0.00 
C37,9 218212 0.00 
C37,10 215151 0.00 
C37,11 219843 0.00 
C37,12 222430 0.00 
C37,13 231298 0.00 
C37,14 226312 0.00 
C37,15 229901 0.00 
C37,16 236650 0.00 
C37,17 227135 0.00 
C37,18 249959 0.00 
C37,19 232458 0.00 
C37,20 263783 0.00 
C37,21 227202 0.00 
C37,22 249784 0.00 
C37,23 225596 0.00 
C37,24 239194 0.00 
C37,25 265514 0.00 
C37,26 201948 0.00 
C37,27 230008 0.00 
C37,28 242543 0.00 
C37,29 236427 0.00 
C37,30 238364 0.00 
C37,31 243640 0.00 
C37,32 220572 0.00 
C37,33 244557 0.00 
C37,34 223595 0.00 
C37,35 228685 0.00 
C37,36 247532 0.00 
C37,37 229991 0.00 
C37,38 215330 0.00 
C37,39 235621 0.00 
C37,40 236791 0.00 
C37,41 222627 0.00 
C37,42 224245 0.00 
C37,43 235957 0.00 
C37,44 233225 0.00 
C37,45 245409 0.00 
C37,46 229228 0.00 
C37,47 235727 0.00 
C37,48 213715 0.00 
C37,49 224088 0.00 
C37,50 197014 0.00 
C37,51 215082 0.00 
C37,52 244172 0.00 
C37,53 263987 0.00 
C37,54 250982 0.00 
C37,55 212851 0.00 
C37,56 222720 0.00 
C37,57 204175 0.00 
C37,58 250349 0.00 
C37,59 205038 0.00 
C37,60 222744 0.00 
C37,61 222944 0.00 
C37,62 236885 0.00 
C37,63 255269 0.00 
C37,64 231529 0.00 
C37,65 250599 0.00 
C37,66 245457 0.00 
C37,67 251461 0.00 
C37,68 185806 0.00 
C37,69 214945 0.00 
C37,70 225691 0.00 
C37,71 214980 0.00 
C37,72 253990 0.00 
C37,73 240043 0.00 
C37,74 244156 0.00 
C37,75 219685 0.00 
C37,76 213528 0.00 
C37,77 216852 0.00 
C37,78 247763 0.00 
C37,79 254652 0.00 
C37,80 218101 0.00 
C37,81 239001 0.00 
C37,82 232540 0.00 
C37,83 245848 0.00 
C37,84 218549 0.00 
C37,85 220998 0.00 
C37,86 238184 0.00 
C37,87 219044 0.00 
C37,88 263655 0.00 
C37,89 226771 0.00 
C37,90 259962 0.00 
C37,91 256818 0.00 
C37,92 250391 0.00 
C37,93 237163 0.00 
C37,94 255738 0.00 
C37,95 221188 0.00 
C37,96 210335 0.00 
C37,97 208183 0.00 
C37,98 210324 0.00 
C37,99 222998 0.00 
C37,100 237913 0.00 
36,29 234367 0.00 
C36,30 240109 0.00 
C36,31 247297 0.00 
C36,32 212248 0.00 
C36,33 237012 0.00 
C36,34 228265 0.00 
C36,35 238973 0.00 
C36,36 244178 0.00 
C36,37 218623 0.00 
C36,38 216758 0.00 
C36,39 221147 0.00 
C36,40 248322 0.00 
C36,41 225582 0.00 
C36,42 228630 0.00 
C36,43 220990 0.00 
C36,44 256102 0.00 
C36,45 259605 0.00 
C36,46 227240 0.00 
C36,47 231718 0.00 
C36,48 207715 0.00 
C36,49 229963 0.00 
C36,50 215171 0.00 
C36,51 212407 0.00 
C36,52 238312 0.00 
C36,53 261699 0.00 
C36,54 241906 0.00 
C36,55 216783 0.00 
C36,56 217433 0.00 
C36,57 204137 0.00 
C36,58 247535 0.00 
C36,59 224974 0.00 
C36,60 258673 0.00 
C36,61 206852 0.00 
C36,62 223295 0.00 
C36,63 269716 0.00 
C36,64 238194 0.00 
C36,65 250386 0.00 
C36,66 233738 0.00 
C36,67 250912 0.00 
C36,68 197759 0.00 
C36,69 221039 0.00 
C36,70 224195 0.00 
C36,71 225619 0.00 
C36,72 265280 0.00 
C36,73 238622 0.00 
C36,74 261654 0.00 
C36,75 225223 0.00 
C36,76 206320 0.00 
C36,77 218950 0.00 
C36,78 251650 0.00 
C36,79 277514 0.00 
C36,80 223590 0.00 
C36,81 240829 0.00 
C36,82 231258 0.00 
C36,83 241330 0.00 
C36,84 217646 0.00 
C36,85 216028 0.00 
C36,86 252306 0.00 
C36,87 220345 0.00 
C36,88 257607 0.00 
C36,89 231267 0.00 
C36,90 243612 0.00 
C36,91 258813 0.00 
C36,92 264343 0.00 
C36,93 234400 0.00 
C36,94 240122 0.00 
C36,95 231283 0.00 
C36,96 223695 0.00 
C36,97 216585 0.00 
C36,98 209267 0.00 
C36,99 226428 0.00 
C36,100 243542 0.00 
C37,1 224823 0.00 
C37,2 216294 0.00 
C37,3 254419 0.00 
C37,4 255851 0.00 
C37,5 239027 0.00 
C37,6 224082 0.00 
C37,7 238676 0.00 
C37,8 220666 0.00 
C37,9 218212 0.00 
C37,10 215151 0.00 
C37,11 219843 0.00 
C37,12 222430 0.00 
C37,13 231298 0.00 
C37,14 226312 0.00 
C37,15 229901 0.00 
C37,16 236650 0.00 
C37,17 227135 0.00 
C37,18 249959 0.00 
C37,19 232458 0.00 
C37,20 263783 0.00 
C37,21 227202 0.00 
C37,22 249784 0.00 
C37,23 225596 0.00 
C37,24 239194 0.00 
C37,25 265514 0.00 
C37,26 201948 0.00 
C37,27 230008 0.00 
C37,28 242543 0.00 
C37,29 236427 0.00 
C37,30 238364 0.00 
C37,31 243640 0.00 
C37,32 220572 0.00 
C37,33 244557 0.00 
C37,34 223595 0.00 
C37,35 228685 0.00 
C37,36 247532 0.00 
C37,37 229991 0.00 
C37,38 215330 0.00 
C37,39 235621 0.00 
C37,40 236791 0.00 
C37,41 222627 0.00 
C37,42 224245 0.00 
C37,43 235957 0.00 
C37,44 233225 0.00 
C37,45 245409 0.00 
C37,46 229228 0.00 
C37,47 235727 0.00 
C37,48 213715 0.00 
C37,49 224088 0.00 
C37,50 197014 0.00 
C37,51 215082 0.00 
C37,52 244172 0.00 
C37,53 263987 0.00 
C37,54 250982 0.00 
C37,55 212851 0.00 
C37,56 222720 0.00 
C37,57 204175 0.00 
C37,58 250349 0.00 
C37,59 205038 0.00 
C37,60 222744 0.00 
C37,61 222944 0.00 
C37,62 236885 0.00 
C37,63 255269 0.00 
C37,64 231529 0.00 
C37,65 250599 0.00 
C37,66 245457 0.00 
C37,67 251461 0.00 
C37,68 185806 0.00 
C37,69 214945 0.00 
C37,70 225691 0.00 
C37,71 214980 0.00 
C37,72 253990 0.00 
C37,73 240043 0.00 
C37,74 244156 0.00 
C37,75 219685 0.00 
C37,76 213528 0.00 
C37,77 216852 0.00 
C37,78 247763 0.00 
C37,79 254652 0.00 
C37,80 218101 0.00 
C37,81 239001 0.00 
C37,82 232540 0.00 
C37,83 245848 0.00 
C37,84 218549 0.00 
C37,85 220998 0.00 
C37,86 238184 0.00 
C37,87 219044 0.00 
C37,88 263655 0.00 
C37,89 226771 0.00 
C37,90 259962 0.00 
C37,91 256818 0.00 
C37,92 250391 0.00 
C37,93 237163 0.00 
C37,94 255738 0.00 
C37,95 221188 0.00 
C37,96 210335 0.00 
C37,97 208183 0.00 
C37,98 210324 0.00 
C37,99 222998 0.00 
C37,100 237913 0.00 
36,29 234367 0.00 
C36,30 240109 0.00 
C36,31 247297 0.00 
C36,32 212248 0.00 
C36,33 237012 0.00 
C36,34 228265 0.00 
C36,35 238973 0.00 
C36,36 244178 0.00 
C36,37 218623 0.00 
C36,38 216758 0.00 
C36,39 221147 0.00 
C36,40 248322 0.00 
C36,41 225582 0.00 
C36,42 228630 0.00 
C36,43 220990 0.00 
C36,44 256102 0.00 
C36,45 259605 0.00 
C36,46 227240 0.00 
C36,47 231718 0.00 
C36,48 207715 0.00 
C36,49 229963 0.00 
C36,50 215171 0.00 
C36,51 212407 0.00 
C36,52 238312 0.00 
C36,53 261699 0.00 
C36,54 241906 0.00 
C36,55 216783 0.00 
C36,56 217433 0.00 
C36,57 204137 0.00 
C36,58 247535 0.00 
C36,59 224974 0.00 
C36,60 258673 0.00 
C36,61 206852 0.00 
C36,62 223295 0.00 
C36,63 269716 0.00 
C36,64 238194 0.00 
C36,65 250386 0.00 
C36,66 233738 0.00 
C36,67 250912 0.00 
C36,68 197759 0.00 
C36,69 221039 0.00 
C36,70 224195 0.00 
C36,71 225619 0.00 
C36,72 265280 0.00 
C36,73 238622 0.00 
C36,74 261654 0.00 
C36,75 225223 0.00 
C36,76 206320 0.00 
C36,77 218950 0.00 
C36,78 251650 0.00 
C36,79 277514 0.00 
C36,80 223590 0.00 
C36,81 240829 0.00 
C36,82 231258 0.00 
C36,83 241330 0.00 
C36,84 217646 0.00 
C36,85 216028 0.00 
C36,86 252306 0.00 
C36,87 220345 0.00 
C36,88 257607 0.00 
C36,89 231267 0.00 
C36,90 243612 0.00 
C36,91 258813 0.00 
C36,92 264343 0.00 
C36,93 234400 0.00 
C36,94 240122 0.00 
C36,95 231283 0.00 
C36,96 223695 0.00 
C36,97 216585 0.00 
C36,98 209267 0.00 
C36,99 226428 0.00 
C36,100 243542 0.00 
C37,1 224823 0.00 
C37,2 216294 0.00 
C37,3 254419 0.00 
C37,4 255851 0.00 
C37,5 239027 0.00 
C37,6 224082 0.00 
C37,7 238676 0.00 
C37,8 220666 0.00 
C37,9 218212 0.00 
C37,10 215151 0.00 
C37,11 219843 0.00 
C37,12 222430 0.00 
C37,13 231298 0.00 
C37,14 226312 0.00 
C37,15 229901 0.00 
C37,16 236650 0.00 
C37,17 227135 0.00 
C37,18 249959 0.00 
C37,19 232458 0.00 
C37,20 263783 0.00 
C37,21 227202 0.00 
C37,22 249784 0.00 
C37,23 225596 0.00 
C37,24 239194 0.00 
C37,25 265514 0.00 
C37,26 201948 0.00 
C37,27 230008 0.00 
C37,28 242543 0.00 
C37,29 236427 0.00 
C37,30 238364 0.00 
C37,31 243640 0.00 
C37,32 220572 0.00 
C37,33 244557 0.00 
C37,34 223595 0.00 
C37,35 228685 0.00 
C37,36 247532 0.00 
C37,37 229991 0.00 
C37,38 215330 0.00 
C37,39 235621 0.00 
C37,40 236791 0.00 
C37,41 222627 0.00 
C37,42 224245 0.00 
C37,43 235957 0.00 
C37,44 233225 0.00 
C37,45 245409 0.00 
C37,46 229228 0.00 
C37,47 235727 0.00 
C37,48 213715 0.00 
C37,49 224088 0.00 
C37,50 197014 0.00 
C37,51 215082 0.00 
C37,52 244172 0.00 
C37,53 263987 0.00 
C37,54 250982 0.00 
C37,55 212851 0.00 
C37,56 222720 0.00 
C37,57 204175 0.00 
C37,58 250349 0.00 
C37,59 205038 0.00 
C37,60 222744 0.00 
C37,61 222944 0.00 
C37,62 236885 0.00 
C37,63 255269 0.00 
C37,64 231529 0.00 
C37,65 250599 0.00 
C37,66 245457 0.00 
C37,67 251461 0.00 
C37,68 185806 0.00 
C37,69 214945 0.00 
C37,70 225691 0.00 
C37,71 214980 0.00 
C37,72 253990 0.00 
C37,73 240043 0.00 
C37,74 244156 0.00 
C37,75 219685 0.00 
C37,76 213528 0.00 
C37,77 216852 0.00 
C37,78 247763 0.00 
C37,79 254652 0.00 
C37,80 218101 0.00 
C37,81 239001 0.00 
C37,82 232540 0.00 
C37,83 245848 0.00 
C37,84 218549 0.00 
C37,85 220998 0.00 
C37,86 238184 0.00 
C37,87 219044 0.00 
C37,88 263655 0.00 
C37,89 226771 0.00 
C37,90 259962 0.00 
C37,91 256818 0.00 
C37,92 250391 0.00 
C37,93 237163 0.00 
C37,94 255738 0.00 
C37,95 221188 0.00 
C37,96 210335 0.00 
C37,97 208183 0.00 
C37,98 210324 0.00 
C37,99 222998 0.00 
C37,100 237913 0.00 
