100 100
C91,1 266370 0.00 
C91,2 272244 0.00 
C91,3 287379 0.00 
C91,4 302473 0.00 
C91,5 269085 0.00 
C91,6 298322 0.00 
C91,7 274090 0.00 
C91,8 295427 0.00 
C91,9 254106 0.00 
C91,10 253131 0.00 
C91,11 269198 0.00 
C91,12 258052 0.00 
C91,13 283519 0.00 
C91,14 306937 0.00 
C91,15 259535 0.00 
C91,16 284682 0.00 
C91,17 260963 0.00 
C91,18 278262 0.00 
C91,19 258939 0.00 
C91,20 295377 0.00 
C91,21 299042 0.00 
C91,22 280533 0.00 
C91,23 262392 0.00 
C91,24 272796 0.00 
C91,25 279719 0.00 
C91,26 291637 0.00 
C91,27 269488 0.00 
C91,28 278972 0.00 
C91,29 284992 0.00 
C91,30 283401 0.00 
C91,31 260174 0.00 
C91,32 260037 0.00 
C91,33 304593 0.00 
C91,34 249152 0.00 
C91,35 278739 0.00 
C91,36 262557 0.00 
C91,37 278582 0.00 
C91,38 283978 0.00 
C91,39 254994 0.00 
C91,40 253274 0.00 
C91,41 254473 0.00 
C91,42 272880 0.00 
C91,43 290859 0.00 
C91,44 270092 0.00 
C91,45 233241 0.00 
C91,46 280297 0.00 
C91,47 277304 0.00 
C91,48 313398 0.00 
C91,49 289183 0.00 
C91,50 248476 0.00 
C91,51 255995 0.00 
C91,52 243855 0.00 
C91,53 273712 0.00 
C91,54 266176 0.00 
C91,55 273901 0.00 
C91,56 298229 0.00 
C91,57 262152 0.00 
C91,58 280363 0.00 
C91,59 247809 0.00 
C91,60 270057 0.00 
C91,61 284498 0.00 
C91,62 268575 0.00 
C91,63 288104 0.00 
C91,64 284072 0.00 
C91,65 288441 0.00 
C91,66 288167 0.00 
C91,67 275606 0.00 
C91,68 288094 0.00 
C91,69 248625 0.00 
C91,70 267825 0.00 
C91,71 260617 0.00 
C91,72 288025 0.00 
C91,73 315333 0.00 
C91,74 263321 0.00 
C91,75 291796 0.00 
C91,76 265104 0.00 
C91,77 264369 0.00 
C91,78 263686 0.00 
C91,79 278106 0.00 
C91,80 246609 0.00 
C91,81 279990 0.00 
C91,82 261419 0.00 
C91,83 307371 0.00 
C91,84 292030 0.00 
C91,85 247528 0.00 
C91,86 265096 0.00 
C91,87 302177 0.00 
C91,88 260430 0.00 
C91,89 236003 0.00 
C91,90 258810 0.00 
C91,91 283765 0.00 
C91,92 258322 0.00 
C91,93 319641 0.00 
C91,94 297153 0.00 
C91,95 250042 0.00 
C91,96 278773 0.00 
C91,97 273366 0.00 
C91,98 302164 0.00 
C91,99 285630 0.00 
C91,100 282770 0.00 
C92,1 250660 0.00 
C92,2 253892 0.00 
C92,3 267135 0.00 
C92,4 253691 0.00 
C92,5 252921 0.00 
C92,6 260507 0.00 
C92,7 239454 0.00 
C92,8 264053 0.00 
C92,9 229622 0.00 
C92,10 233059 0.00 
C92,11 247336 0.00 
C92,12 243405 0.00 
C92,13 262733 0.00 
C92,14 256269 0.00 
C92,15 235319 0.00 
C92,16 226630 0.00 
C92,17 279152 0.00 
C92,18 260378 0.00 
C92,19 231789 0.00 
C92,20 253324 0.00 
C92,21 250365 0.00 
C92,22 257320 0.00 
C92,23 222303 0.00 
C92,24 249868 0.00 
C92,25 261438 0.00 
C92,26 257207 0.00 
C92,27 239929 0.00 
C92,28 245204 0.00 
C92,29 251162 0.00 
C92,30 243366 0.00 
C92,31 236120 0.00 
C92,32 236691 0.00 
C92,33 264901 0.00 
C92,34 227145 0.00 
C92,35 251363 0.00 
C92,36 244051 0.00 
C92,37 243078 0.00 
C92,38 247777 0.00 
C92,39 236591 0.00 
C92,40 240950 0.00 
C92,41 247553 0.00 
C92,42 252382 0.00 
C92,43 255055 0.00 
C92,44 228378 0.00 
C92,45 226268 0.00 
C92,46 256197 0.00 
C92,47 237836 0.00 
C92,48 273943 0.00 
C92,49 250075 0.00 
C92,50 220220 0.00 
C92,51 239698 0.00 
C92,52 224888 0.00 
C92,53 256845 0.00 
C92,54 256402 0.00 
C92,55 239973 0.00 
C92,56 266028 0.00 
C92,57 238366 0.00 
C92,58 237247 0.00 
C92,59 232777 0.00 
C92,60 254838 0.00 
C92,61 251363 0.00 
C92,62 239282 0.00 
C92,63 248142 0.00 
C92,64 259249 0.00 
C92,65 242296 0.00 
C92,66 251199 0.00 
C92,67 238990 0.00 
C92,68 266951 0.00 
C92,69 221206 0.00 
C92,70 242781 0.00 
C92,71 227034 0.00 
C92,72 253134 0.00 
C92,73 268619 0.00 
C92,74 239181 0.00 
C92,75 251241 0.00 
C92,76 231264 0.00 
C92,77 218286 0.00 
C92,78 255663 0.00 
C92,79 265773 0.00 
C92,80 235930 0.00 
C92,81 233530 0.00 
C92,82 257803 0.00 
C92,83 271090 0.00 
C92,84 237928 0.00 
C92,85 238802 0.00 
C92,86 235904 0.00 
C92,87 276436 0.00 
C92,88 248857 0.00 
C92,89 191468 0.00 
C92,90 237490 0.00 
C92,91 274541 0.00 
C92,92 235091 0.00 
C92,93 278618 0.00 
C92,94 262421 0.00 
C92,95 234682 0.00 
C92,96 233155 0.00 
C92,97 244844 0.00 
C92,98 248053 0.00 
C92,99 256921 0.00 
C92,100 260773 0.00 
C93,1 228735 0.00 
C93,2 240126 0.00 
C93,3 249806 0.00 
C93,4 255911 0.00 
C93,5 250195 0.00 
C93,6 249942 0.00 
C93,7 246512 0.00 
C93,8 262762 0.00 
C93,9 237236 0.00 
C93,10 236603 0.00 
C93,11 241551 0.00 
C93,12 220634 0.00 
C93,13 255899 0.00 
C93,14 264047 0.00 
C93,15 223410 0.00 
C93,16 229282 0.00 
C93,17 249932 0.00 
C93,18 229369 0.00 
C93,19 219550 0.00 
C93,20 258717 0.00 
C93,21 247656 0.00 
C93,22 249436 0.00 
C93,23 225060 0.00 
C93,24 239978 0.00 
C93,25 257695 0.00 
C93,26 258225 0.00 
C93,27 240697 0.00 
C93,28 246061 0.00 
C93,29 260784 0.00 
C93,30 236783 0.00 
C93,31 247235 0.00 
C93,32 239065 0.00 
C93,33 266575 0.00 
C93,34 232324 0.00 
C93,35 258664 0.00 
C93,36 237819 0.00 
C93,37 245390 0.00 
C93,38 244484 0.00 
C93,39 234564 0.00 
C93,40 231726 0.00 
C93,41 235712 0.00 
C93,42 245252 0.00 
C93,43 257093 0.00 
C93,44 230564 0.00 
C93,45 225696 0.00 
C93,46 235519 0.00 
C93,47 240220 0.00 
C93,48 273316 0.00 
C93,49 249754 0.00 
C93,50 218510 0.00 
C93,51 219049 0.00 
C93,52 216794 0.00 
C93,53 238717 0.00 
C93,54 246526 0.00 
C93,55 237331 0.00 
C93,56 256236 0.00 
C93,57 228686 0.00 
C93,58 251393 0.00 
C93,59 236589 0.00 
C93,60 232989 0.00 
C93,61 247996 0.00 
C93,62 247592 0.00 
C93,63 239449 0.00 
C93,64 250176 0.00 
C93,65 242719 0.00 
C93,66 227916 0.00 
C93,67 241189 0.00 
C93,68 260075 0.00 
C93,69 221937 0.00 
C93,70 237009 0.00 
C93,71 231665 0.00 
C93,72 250602 0.00 
C93,73 265669 0.00 
C93,74 218672 0.00 
C93,75 260451 0.00 
C93,76 224173 0.00 
C93,77 240100 0.00 
C93,78 248852 0.00 
C93,79 239295 0.00 
C93,80 224181 0.00 
C93,81 240829 0.00 
C93,82 250853 0.00 
C93,83 253724 0.00 
C93,84 234101 0.00 
C93,85 229191 0.00 
C93,86 237911 0.00 
C93,87 273778 0.00 
C93,88 231969 0.00 
C93,89 198477 0.00 
C93,90 237448 0.00 
C93,91 263046 0.00 
C93,92 237520 0.00 
C93,93 259683 0.00 
C93,94 253708 0.00 
C93,95 220503 0.00 
C93,96 241799 0.00 
C93,97 247594 0.00 
C93,98 250055 0.00 
C93,99 266769 0.00 
C93,100 251299 0.00 
C94,1 238231 0.00 
C94,2 245697 0.00 
C94,3 257260 0.00 
C94,4 259553 0.00 
C94,5 244870 0.00 
C94,6 252214 0.00 
C94,7 247505 0.00 
C94,8 241131 0.00 
C94,9 209923 0.00 
C94,10 214762 0.00 
C94,11 252383 0.00 
C94,12 216610 0.00 
C94,13 242534 0.00 
C94,14 261590 0.00 
C94,15 236185 0.00 
C94,16 229166 0.00 
C94,17 246662 0.00 
C94,18 225251 0.00 
C94,19 224023 0.00 
C94,20 236135 0.00 
C94,21 264734 0.00 
C94,22 257203 0.00 
C94,23 212157 0.00 
C94,24 234247 0.00 
C94,25 223563 0.00 
C94,26 247422 0.00 
C94,27 221904 0.00 
C94,28 239956 0.00 
C94,29 237997 0.00 
C94,30 231640 0.00 
C94,31 237015 0.00 
C94,32 218738 0.00 
C94,33 249016 0.00 
C94,34 226069 0.00 
C94,35 227566 0.00 
C94,36 234865 0.00 
C94,37 225678 0.00 
C94,38 252600 0.00 
C94,39 227277 0.00 
C94,40 219304 0.00 
C94,41 228024 0.00 
C94,42 249873 0.00 
C94,43 253340 0.00 
C94,44 229795 0.00 
C94,45 222755 0.00 
C94,46 238211 0.00 
C94,47 219883 0.00 
C94,48 278668 0.00 
C94,49 237237 0.00 
C94,50 211603 0.00 
C94,51 192105 0.00 
C94,52 227392 0.00 
C94,53 237856 0.00 
C94,54 233667 0.00 
C94,55 215355 0.00 
C94,56 258641 0.00 
C94,57 236744 0.00 
C94,58 219376 0.00 
C94,59 232832 0.00 
C94,60 226868 0.00 
C94,61 243950 0.00 
C94,62 221392 0.00 
C94,63 235434 0.00 
C94,64 241101 0.00 
C94,65 221725 0.00 
C94,66 240643 0.00 
C94,67 229623 0.00 
C94,68 246329 0.00 
C94,69 200547 0.00 
C94,70 223978 0.00 
C94,71 212976 0.00 
C94,72 245950 0.00 
C94,73 268285 0.00 
C94,74 227972 0.00 
C94,75 253276 0.00 
C94,76 242016 0.00 
C94,77 230817 0.00 
C94,78 231834 0.00 
C94,79 263623 0.00 
C94,80 217824 0.00 
C94,81 223833 0.00 
C94,82 237386 0.00 
C94,83 245179 0.00 
C94,84 231036 0.00 
C94,85 231025 0.00 
C94,86 237905 0.00 
C94,87 258990 0.00 
C94,88 209502 0.00 
C94,89 195745 0.00 
C94,90 242007 0.00 
C94,91 244121 0.00 
C94,92 246170 0.00 
C94,93 247066 0.00 
C94,94 259881 0.00 
C94,95 222459 0.00 
C94,96 238595 0.00 
C94,97 237381 0.00 
C94,98 232667 0.00 
C94,99 248601 0.00 
C94,100 255181 0.00 
C95,1 245066 0.00 
C95,2 256396 0.00 
C95,3 271500 0.00 
C95,4 284483 0.00 
C95,5 261514 0.00 
C95,6 266039 0.00 
C95,7 259100 0.00 
C95,8 272361 0.00 
C95,9 236938 0.00 
C95,10 243598 0.00 
C95,11 269306 0.00 
C95,12 247332 0.00 
C95,13 271109 0.00 
C95,14 292259 0.00 
C95,15 238805 0.00 
C95,16 258626 0.00 
C95,17 276597 0.00 
C95,18 262609 0.00 
C95,19 249045 0.00 
C95,20 257295 0.00 
C95,21 281137 0.00 
C95,22 262812 0.00 
C95,23 256330 0.00 
C95,24 254807 0.00 
C95,25 263466 0.00 
C95,26 276665 0.00 
C95,27 251933 0.00 
C95,28 251995 0.00 
C95,29 271493 0.00 
C95,30 270189 0.00 
C95,31 245990 0.00 
C95,32 246571 0.00 
C95,33 278580 0.00 
C95,34 230032 0.00 
C95,35 251778 0.00 
C95,36 248243 0.00 
C95,37 258656 0.00 
C95,38 246735 0.00 
C95,39 241926 0.00 
C95,40 240758 0.00 
C95,41 245563 0.00 
C95,42 258365 0.00 
C95,43 283127 0.00 
C95,44 250146 0.00 
C95,45 220484 0.00 
C95,46 266122 0.00 
C95,47 267464 0.00 
C95,48 303140 0.00 
C95,49 263358 0.00 
C95,50 239026 0.00 
C95,51 229422 0.00 
C95,52 232086 0.00 
C95,53 266154 0.00 
C95,54 248487 0.00 
C95,55 240399 0.00 
C95,56 272227 0.00 
C95,57 249196 0.00 
C95,58 254483 0.00 
C95,59 233209 0.00 
C95,60 254061 0.00 
C95,61 273818 0.00 
C95,62 255212 0.00 
C95,63 269587 0.00 
C95,64 288480 0.00 
C95,65 269761 0.00 
C95,66 269547 0.00 
C95,67 258179 0.00 
C95,68 265129 0.00 
C95,69 223409 0.00 
C95,70 260938 0.00 
C95,71 239121 0.00 
C95,72 268392 0.00 
C95,73 289676 0.00 
C95,74 247742 0.00 
C95,75 280314 0.00 
C95,76 247897 0.00 
C95,77 258817 0.00 
C95,78 252493 0.00 
C95,79 269302 0.00 
C95,80 240828 0.00 
C95,81 265290 0.00 
C95,82 251401 0.00 
C95,83 279411 0.00 
C95,84 266212 0.00 
C95,85 239210 0.00 
C95,86 255082 0.00 
C95,87 269680 0.00 
C95,88 260120 0.00 
C95,89 235207 0.00 
C95,90 235944 0.00 
C95,91 268562 0.00 
C95,92 260839 0.00 
C95,93 274895 0.00 
C95,94 292792 0.00 
C95,95 244416 0.00 
C95,96 261065 0.00 
C95,97 260283 0.00 
C95,98 267744 0.00 
C95,99 273304 0.00 
C95,100 261827 0.00 
C96,1 266449 0.00 
C96,2 288012 0.00 
C96,3 263756 0.00 
C96,4 285962 0.00 
C96,5 278255 0.00 
C96,6 278353 0.00 
C96,7 261277 0.00 
C96,8 278500 0.00 
C96,9 248218 0.00 
C96,10 249000 0.00 
C96,11 275011 0.00 
C96,12 250479 0.00 
C96,13 267219 0.00 
C96,14 280622 0.00 
C96,15 259290 0.00 
C96,16 246949 0.00 
C96,17 279299 0.00 
C96,18 262248 0.00 
C96,19 256975 0.00 
C96,20 264711 0.00 
C96,21 288518 0.00 
C96,22 288747 0.00 
C96,23 249864 0.00 
C96,24 259197 0.00 
C96,25 276459 0.00 
C96,26 280565 0.00 
C96,27 262941 0.00 
C96,28 288654 0.00 
C96,29 267215 0.00 
C96,30 261290 0.00 
C96,31 253996 0.00 
C96,32 259221 0.00 
C96,33 272979 0.00 
C96,34 230435 0.00 
C96,35 276098 0.00 
C96,36 250806 0.00 
C96,37 263920 0.00 
C96,38 277031 0.00 
C96,39 252468 0.00 
C96,40 254490 0.00 
C96,41 263530 0.00 
C96,42 283239 0.00 
C96,43 284126 0.00 
C96,44 259388 0.00 
C96,45 239186 0.00 
C96,46 264999 0.00 
C96,47 254735 0.00 
C96,48 302297 0.00 
C96,49 278859 0.00 
C96,50 257749 0.00 
C96,51 244005 0.00 
C96,52 257622 0.00 
C96,53 266397 0.00 
C96,54 253490 0.00 
C96,55 244738 0.00 
C96,56 277526 0.00 
C96,57 250531 0.00 
C96,58 277068 0.00 
C96,59 253359 0.00 
C96,60 261977 0.00 
C96,61 281455 0.00 
C96,62 262318 0.00 
C96,63 262511 0.00 
C96,64 268850 0.00 
C96,65 274631 0.00 
C96,66 274700 0.00 
C96,67 268043 0.00 
C96,68 270563 0.00 
C96,69 244166 0.00 
C96,70 259674 0.00 
C96,71 242372 0.00 
C96,72 271875 0.00 
C96,73 294563 0.00 
C96,74 243118 0.00 
C96,75 285857 0.00 
C96,76 262961 0.00 
C96,77 240320 0.00 
C96,78 272861 0.00 
C96,79 291257 0.00 
C96,80 247388 0.00 
C96,81 247953 0.00 
C96,82 269081 0.00 
C96,83 286166 0.00 
C96,84 258485 0.00 
C96,85 267009 0.00 
C96,86 266077 0.00 
C96,87 280226 0.00 
C96,88 248309 0.00 
C96,89 225941 0.00 
C96,90 258226 0.00 
C96,91 287937 0.00 
C96,92 265541 0.00 
C96,93 295761 0.00 
C96,94 290961 0.00 
C96,95 246932 0.00 
C96,96 264893 0.00 
C96,97 258377 0.00 
C96,98 285093 0.00 
C96,99 282487 0.00 
C96,100 281655 0.00 
C97,1 244058 0.00 
C97,2 247253 0.00 
C97,3 256209 0.00 
C97,4 262711 0.00 
C97,5 231691 0.00 
C97,6 267935 0.00 
C97,7 247993 0.00 
C97,8 257810 0.00 
C97,9 214632 0.00 
C97,10 222503 0.00 
C97,11 242050 0.00 
C97,12 228557 0.00 
C97,13 260419 0.00 
C97,14 260509 0.00 
C97,15 228171 0.00 
C97,16 232822 0.00 
C97,17 246634 0.00 
C97,18 247332 0.00 
C97,19 211869 0.00 
C97,20 250336 0.00 
C97,21 260566 0.00 
C97,22 244609 0.00 
C97,23 232482 0.00 
C97,24 239115 0.00 
C97,25 253693 0.00 
C97,26 250542 0.00 
C97,27 219406 0.00 
C97,28 243436 0.00 
C97,29 252363 0.00 
C97,30 255424 0.00 
C97,31 231748 0.00 
C97,32 224072 0.00 
C97,33 265440 0.00 
C97,34 228077 0.00 
C97,35 260721 0.00 
C97,36 233215 0.00 
C97,37 250673 0.00 
C97,38 237678 0.00 
C97,39 227613 0.00 
C97,40 245017 0.00 
C97,41 245963 0.00 
C97,42 251257 0.00 
C97,43 259058 0.00 
C97,44 229521 0.00 
C97,45 218933 0.00 
C97,46 258938 0.00 
C97,47 235589 0.00 
C97,48 285728 0.00 
C97,49 233694 0.00 
C97,50 217992 0.00 
C97,51 208377 0.00 
C97,52 222162 0.00 
C97,53 233481 0.00 
C97,54 244411 0.00 
C97,55 228629 0.00 
C97,56 246752 0.00 
C97,57 239616 0.00 
C97,58 238240 0.00 
C97,59 236129 0.00 
C97,60 238280 0.00 
C97,61 252117 0.00 
C97,62 229675 0.00 
C97,63 256380 0.00 
C97,64 263275 0.00 
C97,65 249838 0.00 
C97,66 245706 0.00 
C97,67 230688 0.00 
C97,68 264346 0.00 
C97,69 214074 0.00 
C97,70 250141 0.00 
C97,71 221331 0.00 
C97,72 275757 0.00 
C97,73 279323 0.00 
C97,74 227629 0.00 
C97,75 262684 0.00 
C97,76 245803 0.00 
C97,77 233998 0.00 
C97,78 234820 0.00 
C97,79 250317 0.00 
C97,80 207650 0.00 
C97,81 224608 0.00 
C97,82 230801 0.00 
C97,83 262429 0.00 
C97,84 222678 0.00 
C97,85 231107 0.00 
C97,86 237512 0.00 
C97,87 257675 0.00 
C97,88 207876 0.00 
C97,89 195567 0.00 
C97,90 248186 0.00 
C97,91 257258 0.00 
C97,92 244943 0.00 
C97,93 266362 0.00 
C97,94 277736 0.00 
C97,95 229034 0.00 
C97,96 234931 0.00 
C97,97 231864 0.00 
C97,98 264341 0.00 
C97,99 261183 0.00 
C97,100 249151 0.00 
C98,1 236418 0.00 
C98,2 237083 0.00 
C98,3 245664 0.00 
C98,4 252875 0.00 
C98,5 239445 0.00 
C98,6 234658 0.00 
C98,7 225145 0.00 
C98,8 245526 0.00 
C98,9 209689 0.00 
C98,10 233633 0.00 
C98,11 232781 0.00 
C98,12 209275 0.00 
C98,13 249714 0.00 
C98,14 271737 0.00 
C98,15 228862 0.00 
C98,16 213317 0.00 
C98,17 246347 0.00 
C98,18 234732 0.00 
C98,19 220227 0.00 
C98,20 231522 0.00 
C98,21 238171 0.00 
C98,22 239139 0.00 
C98,23 221814 0.00 
C98,24 220774 0.00 
C98,25 221343 0.00 
C98,26 239089 0.00 
C98,27 213582 0.00 
C98,28 243243 0.00 
C98,29 229407 0.00 
C98,30 228523 0.00 
C98,31 230225 0.00 
C98,32 217873 0.00 
C98,33 254864 0.00 
C98,34 200576 0.00 
C98,35 241690 0.00 
C98,36 221457 0.00 
C98,37 230226 0.00 
C98,38 235580 0.00 
C98,39 209623 0.00 
C98,40 222571 0.00 
C98,41 230954 0.00 
C98,42 245932 0.00 
C98,43 255744 0.00 
C98,44 218124 0.00 
C98,45 200834 0.00 
C98,46 231317 0.00 
C98,47 200475 0.00 
C98,48 263461 0.00 
C98,49 245107 0.00 
C98,50 205506 0.00 
C98,51 198571 0.00 
C98,52 219141 0.00 
C98,53 239244 0.00 
C98,54 232309 0.00 
C98,55 206895 0.00 
C98,56 258805 0.00 
C98,57 217439 0.00 
C98,58 224095 0.00 
C98,59 222647 0.00 
C98,60 230825 0.00 
C98,61 244540 0.00 
C98,62 231139 0.00 
C98,63 227151 0.00 
C98,64 251718 0.00 
C98,65 227767 0.00 
C98,66 251432 0.00 
C98,67 233870 0.00 
C98,68 244199 0.00 
C98,69 200565 0.00 
C98,70 231478 0.00 
C98,71 230991 0.00 
C98,72 225902 0.00 
C98,73 254677 0.00 
C98,74 209322 0.00 
C98,75 255693 0.00 
C98,76 233760 0.00 
C98,77 224067 0.00 
C98,78 241059 0.00 
C98,79 231858 0.00 
C98,80 211791 0.00 
C98,81 216771 0.00 
C98,82 235605 0.00 
C98,83 237370 0.00 
C98,84 242825 0.00 
C98,85 210373 0.00 
C98,86 223419 0.00 
C98,87 245890 0.00 
C98,88 224435 0.00 
C98,89 194498 0.00 
C98,90 218379 0.00 
C98,91 251747 0.00 
C98,92 226012 0.00 
C98,93 249989 0.00 
C98,94 269185 0.00 
C98,95 215186 0.00 
C98,96 238232 0.00 
C98,97 238543 0.00 
C98,98 261215 0.00 
C98,99 227665 0.00 
C98,100 230017 0.00 
C99,1 246753 0.00 
C99,2 238406 0.00 
C99,3 255434 0.00 
C99,4 242911 0.00 
C99,5 223971 0.00 
C99,6 259605 0.00 
C99,7 249432 0.00 
C99,8 256679 0.00 
C99,9 223791 0.00 
C99,10 205081 0.00 
C99,11 229691 0.00 
C99,12 226153 0.00 
C99,13 253181 0.00 
C99,14 249621 0.00 
C99,15 243069 0.00 
C99,16 236844 0.00 
C99,17 244992 0.00 
C99,18 234373 0.00 
C99,19 222004 0.00 
C99,20 251468 0.00 
C99,21 244439 0.00 
C99,22 246335 0.00 
C99,23 224476 0.00 
C99,24 233684 0.00 
C99,25 238094 0.00 
C99,26 240927 0.00 
C99,27 216540 0.00 
C99,28 240014 0.00 
C99,29 231106 0.00 
C99,30 234799 0.00 
C99,31 240437 0.00 
C99,32 220414 0.00 
C99,33 255625 0.00 
C99,34 219450 0.00 
C99,35 239826 0.00 
C99,36 238893 0.00 
C99,37 251006 0.00 
C99,38 236146 0.00 
C99,39 232281 0.00 
C99,40 225307 0.00 
C99,41 225958 0.00 
C99,42 242044 0.00 
C99,43 248433 0.00 
C99,44 226216 0.00 
C99,45 222699 0.00 
C99,46 237531 0.00 
C99,47 227991 0.00 
C99,48 278770 0.00 
C99,49 245958 0.00 
C99,50 211095 0.00 
C99,51 214776 0.00 
C99,52 213959 0.00 
C99,53 249408 0.00 
C99,54 246155 0.00 
C99,55 241981 0.00 
C99,56 269633 0.00 
C99,57 233651 0.00 
C99,58 224969 0.00 
C99,59 231855 0.00 
C99,60 233209 0.00 
C99,61 241947 0.00 
C99,62 220772 0.00 
C99,63 252530 0.00 
C99,64 240773 0.00 
C99,65 246896 0.00 
C99,66 250198 0.00 
C99,67 239123 0.00 
C99,68 242591 0.00 
C99,69 209408 0.00 
C99,70 224383 0.00 
C99,71 214328 0.00 
C99,72 249034 0.00 
C99,73 271455 0.00 
C99,74 227611 0.00 
C99,75 258786 0.00 
C99,76 222677 0.00 
C99,77 229551 0.00 
C99,78 248992 0.00 
C99,79 242427 0.00 
C99,80 224997 0.00 
C99,81 238772 0.00 
C99,82 236579 0.00 
C99,83 264454 0.00 
C99,84 234055 0.00 
C99,85 231352 0.00 
C99,86 224676 0.00 
C99,87 260385 0.00 
C99,88 229789 0.00 
C99,89 198710 0.00 
C99,90 243274 0.00 
C99,91 252464 0.00 
C99,92 230762 0.00 
C99,93 252040 0.00 
C99,94 266509 0.00 
C99,95 214591 0.00 
C99,96 225583 0.00 
C99,97 223332 0.00 
C99,98 236472 0.00 
C99,99 236934 0.00 
C99,100 232610 0.00 
C100,1 215694 0.00 
C100,2 219575 0.00 
C100,3 210497 0.00 
C100,4 219642 0.00 
C100,5 228650 0.00 
C100,6 225549 0.00 
C100,7 219640 0.00 
C100,8 220946 0.00 
C100,9 212416 0.00 
C100,10 202509 0.00 
C100,11 217135 0.00 
C100,12 208432 0.00 
C100,13 218839 0.00 
C100,14 246183 0.00 
C100,15 197174 0.00 
C100,16 212198 0.00 
C100,17 226333 0.00 
C100,18 221343 0.00 
C100,19 209638 0.00 
C100,20 235256 0.00 
C100,21 237288 0.00 
C100,22 232764 0.00 
C100,23 220922 0.00 
C100,24 204985 0.00 
C100,25 236057 0.00 
C100,26 223574 0.00 
C100,27 204482 0.00 
C100,28 220100 0.00 
C100,29 226405 0.00 
C100,30 237235 0.00 
C100,31 202754 0.00 
C100,32 213207 0.00 
C100,33 230835 0.00 
C100,34 203590 0.00 
C100,35 207704 0.00 
C100,36 207263 0.00 
C100,37 214798 0.00 
C100,38 212350 0.00 
C100,39 185426 0.00 
C100,40 214995 0.00 
C100,41 219788 0.00 
C100,42 226535 0.00 
C100,43 235381 0.00 
C100,44 212530 0.00 
C100,45 186470 0.00 
C100,46 220366 0.00 
C100,47 219028 0.00 
C100,48 241214 0.00 
C100,49 216759 0.00 
C100,50 194490 0.00 
C100,51 198167 0.00 
C100,52 202291 0.00 
C100,53 226573 0.00 
C100,54 220402 0.00 
C100,55 206501 0.00 
C100,56 224605 0.00 
C100,57 202978 0.00 
C100,58 213918 0.00 
C100,59 199093 0.00 
C100,60 215695 0.00 
C100,61 207527 0.00 
C100,62 203844 0.00 
C100,63 229899 0.00 
C100,64 231973 0.00 
C100,65 220393 0.00 
C100,66 221230 0.00 
C100,67 213613 0.00 
C100,68 243839 0.00 
C100,69 194824 0.00 
C100,70 210422 0.00 
C100,71 210070 0.00 
C100,72 234046 0.00 
C100,73 244873 0.00 
C100,74 204082 0.00 
C100,75 221066 0.00 
C100,76 207239 0.00 
C100,77 209767 0.00 
C100,78 202333 0.00 
C100,79 211753 0.00 
C100,80 196256 0.00 
C100,81 202108 0.00 
C100,82 223619 0.00 
C100,83 240416 0.00 
C100,84 205285 0.00 
C100,85 213773 0.00 
C100,86 206926 0.00 
C100,87 226555 0.00 
C100,88 209125 0.00 
C100,89 192543 0.00 
C100,90 216508 0.00 
C100,91 240184 0.00 
C100,92 209693 0.00 
C100,93 243821 0.00 
C100,94 231683 0.00 
C100,95 205825 0.00 
C100,96 200709 0.00 
C100,97 235380 0.00 
C100,98 213599 0.00 
C100,99 239143 0.00 
C100,100 223368 0.00 
0.00 
