100 100
C38,1 239683 0.00 
C38,2 241319 0.00 
C38,3 260110 0.00 
C38,4 278929 0.00 
C38,5 259682 0.00 
C38,6 247504 0.00 
C38,7 277520 0.00 
C38,8 241304 0.00 
C38,9 234467 0.00 
C38,10 224962 0.00 
C38,11 256540 0.00 
C38,12 245351 0.00 
C38,13 263724 0.00 
C38,14 247670 0.00 
C38,15 255226 0.00 
C38,16 274721 0.00 
C38,17 228057 0.00 
C38,18 268300 0.00 
C38,19 247838 0.00 
C38,20 299108 0.00 
C38,21 246823 0.00 
C38,22 266817 0.00 
C38,23 247268 0.00 
C38,24 243742 0.00 
C38,25 298374 0.00 
C38,26 233598 0.00 
C38,27 250192 0.00 
C38,28 268458 0.00 
C38,29 251177 0.00 
C38,30 266625 0.00 
C38,31 292256 0.00 
C38,32 234444 0.00 
C38,33 267598 0.00 
C38,34 252302 0.00 
C38,35 256548 0.00 
C38,36 278850 0.00 
C38,37 251507 0.00 
C38,38 234222 0.00 
C38,39 246588 0.00 
C38,40 265690 0.00 
C38,41 247558 0.00 
C38,42 269120 0.00 
C38,43 261469 0.00 
C38,44 278995 0.00 
C38,45 272006 0.00 
C38,46 245156 0.00 
C38,47 248839 0.00 
C38,48 224514 0.00 
C38,49 246753 0.00 
C38,50 245020 0.00 
C38,51 243613 0.00 
C38,52 273485 0.00 
C38,53 288472 0.00 
C38,54 243108 0.00 
C38,55 238647 0.00 
C38,56 236707 0.00 
C38,57 245856 0.00 
C38,58 278664 0.00 
C38,59 241134 0.00 
C38,60 253605 0.00 
C38,61 231920 0.00 
C38,62 255385 0.00 
C38,63 285598 0.00 
C38,64 256878 0.00 
C38,65 277200 0.00 
C38,66 266667 0.00 
C38,67 267349 0.00 
C38,68 205340 0.00 
C38,69 244199 0.00 
C38,70 254638 0.00 
C38,71 244606 0.00 
C38,72 282042 0.00 
C38,73 251923 0.00 
C38,74 264066 0.00 
C38,75 241235 0.00 
C38,76 219834 0.00 
C38,77 254107 0.00 
C38,78 274144 0.00 
C38,79 278824 0.00 
C38,80 237053 0.00 
C38,81 265498 0.00 
C38,82 248531 0.00 
C38,83 264295 0.00 
C38,84 257651 0.00 
C38,85 249321 0.00 
C38,86 266458 0.00 
C38,87 247048 0.00 
C38,88 293856 0.00 
C38,89 249795 0.00 
C38,90 273199 0.00 
C38,91 271285 0.00 
C38,92 263129 0.00 
C38,93 236829 0.00 
C38,94 288796 0.00 
C38,95 253195 0.00 
C38,96 238641 0.00 
C38,97 234275 0.00 
C38,98 244850 0.00 
C38,99 242226 0.00 
C38,100 271194 0.00 
C39,1 248734 0.00 
C39,2 223134 0.00 
C39,3 259102 0.00 
C39,4 281822 0.00 
C39,5 229715 0.00 
C39,6 235798 0.00 
C39,7 253217 0.00 
C39,8 256680 0.00 
C39,9 219087 0.00 
C39,10 223709 0.00 
C39,11 236559 0.00 
C39,12 246812 0.00 
C39,13 251757 0.00 
C39,14 236716 0.00 
C39,15 247388 0.00 
C39,16 265346 0.00 
C39,17 246807 0.00 
C39,18 276419 0.00 
C39,19 244522 0.00 
C39,20 277871 0.00 
C39,21 252520 0.00 
C39,22 264304 0.00 
C39,23 243642 0.00 
C39,24 223098 0.00 
C39,25 270886 0.00 
C39,26 224620 0.00 
C39,27 241085 0.00 
C39,28 255455 0.00 
C39,29 253171 0.00 
C39,30 231203 0.00 
C39,31 283214 0.00 
C39,32 246751 0.00 
C39,33 252365 0.00 
C39,34 241564 0.00 
C39,35 262224 0.00 
C39,36 281694 0.00 
C39,37 242946 0.00 
C39,38 238147 0.00 
C39,39 242448 0.00 
C39,40 238247 0.00 
C39,41 233491 0.00 
C39,42 247043 0.00 
C39,43 244249 0.00 
C39,44 266719 0.00 
C39,45 276416 0.00 
C39,46 235148 0.00 
C39,47 241968 0.00 
C39,48 216490 0.00 
C39,49 251766 0.00 
C39,50 224706 0.00 
C39,51 230654 0.00 
C39,52 259477 0.00 
C39,53 280655 0.00 
C39,54 255566 0.00 
C39,55 230004 0.00 
C39,56 233503 0.00 
C39,57 217036 0.00 
C39,58 257556 0.00 
C39,59 224552 0.00 
C39,60 264018 0.00 
C39,61 235453 0.00 
C39,62 265087 0.00 
C39,63 280933 0.00 
C39,64 258319 0.00 
C39,65 258254 0.00 
C39,66 273130 0.00 
C39,67 255047 0.00 
C39,68 209533 0.00 
C39,69 236873 0.00 
C39,70 258924 0.00 
C39,71 243879 0.00 
C39,72 277248 0.00 
C39,73 231202 0.00 
C39,74 269800 0.00 
C39,75 239652 0.00 
C39,76 225961 0.00 
C39,77 228517 0.00 
C39,78 257757 0.00 
C39,79 294096 0.00 
C39,80 215710 0.00 
C39,81 266169 0.00 
C39,82 238083 0.00 
C39,83 257110 0.00 
C39,84 246798 0.00 
C39,85 239983 0.00 
C39,86 253122 0.00 
C39,87 249162 0.00 
C39,88 291626 0.00 
C39,89 248085 0.00 
C39,90 285552 0.00 
C39,91 263139 0.00 
C39,92 263812 0.00 
C39,93 252363 0.00 
C39,94 260549 0.00 
C39,95 251838 0.00 
C39,96 236210 0.00 
C39,97 237285 0.00 
C39,98 235466 0.00 
C39,99 247654 0.00 
C39,100 254234 0.00 
C40,1 234336 0.00 
C40,2 208897 0.00 
C40,3 240472 0.00 
C40,4 273338 0.00 
C40,5 231030 0.00 
C40,6 214532 0.00 
C40,7 251117 0.00 
C40,8 226305 0.00 
C40,9 213830 0.00 
C40,10 209168 0.00 
C40,11 235219 0.00 
C40,12 232380 0.00 
C40,13 237195 0.00 
C40,14 244961 0.00 
C40,15 226434 0.00 
C40,16 244178 0.00 
C40,17 212099 0.00 
C40,18 251695 0.00 
C40,19 238057 0.00 
C40,20 258639 0.00 
C40,21 233320 0.00 
C40,22 256872 0.00 
C40,23 227353 0.00 
C40,24 235195 0.00 
C40,25 270932 0.00 
C40,26 210307 0.00 
C40,27 238039 0.00 
C40,28 242497 0.00 
C40,29 238391 0.00 
C40,30 232461 0.00 
C40,31 251454 0.00 
C40,32 217843 0.00 
C40,33 245502 0.00 
C40,34 230543 0.00 
C40,35 228236 0.00 
C40,36 257685 0.00 
C40,37 230298 0.00 
C40,38 218113 0.00 
C40,39 225955 0.00 
C40,40 237288 0.00 
C40,41 235764 0.00 
C40,42 238545 0.00 
C40,43 244861 0.00 
C40,44 250863 0.00 
C40,45 258803 0.00 
C40,46 228195 0.00 
C40,47 228619 0.00 
C40,48 223485 0.00 
C40,49 239410 0.00 
C40,50 223389 0.00 
C40,51 214222 0.00 
C40,52 249144 0.00 
C40,53 259802 0.00 
C40,54 252278 0.00 
C40,55 215163 0.00 
C40,56 237471 0.00 
C40,57 199485 0.00 
C40,58 259711 0.00 
C40,59 226776 0.00 
C40,60 249673 0.00 
C40,61 223283 0.00 
C40,62 233001 0.00 
C40,63 273373 0.00 
C40,64 252997 0.00 
C40,65 254226 0.00 
C40,66 242937 0.00 
C40,67 263427 0.00 
C40,68 194189 0.00 
C40,69 228341 0.00 
C40,70 230757 0.00 
C40,71 209728 0.00 
C40,72 249559 0.00 
C40,73 225499 0.00 
C40,74 252224 0.00 
C40,75 225942 0.00 
C40,76 212111 0.00 
C40,77 225504 0.00 
C40,78 249541 0.00 
C40,79 268047 0.00 
C40,80 216795 0.00 
C40,81 241972 0.00 
C40,82 242441 0.00 
C40,83 245881 0.00 
C40,84 239924 0.00 
C40,85 232689 0.00 
C40,86 245765 0.00 
C40,87 234340 0.00 
C40,88 259902 0.00 
C40,89 238395 0.00 
C40,90 263981 0.00 
C40,91 256014 0.00 
C40,92 252728 0.00 
C40,93 238259 0.00 
C40,94 252398 0.00 
C40,95 248079 0.00 
C40,96 206098 0.00 
C40,97 210775 0.00 
C40,98 229793 0.00 
C40,99 237539 0.00 
C40,100 254378 0.00 
C41,1 240320 0.00 
C41,2 216802 0.00 
C41,3 259420 0.00 
C41,4 251099 0.00 
C41,5 231764 0.00 
C41,6 226968 0.00 
C41,7 263455 0.00 
C41,8 239771 0.00 
C41,9 230165 0.00 
C41,10 226068 0.00 
C41,11 226229 0.00 
C41,12 228859 0.00 
C41,13 224709 0.00 
C41,14 246374 0.00 
C41,15 242312 0.00 
C41,16 249111 0.00 
C41,17 217874 0.00 
C41,18 254192 0.00 
C41,19 238444 0.00 
C41,20 270511 0.00 
C41,21 250880 0.00 
C41,22 247533 0.00 
C41,23 239266 0.00 
C41,24 239553 0.00 
C41,25 267757 0.00 
C41,26 215510 0.00 
C41,27 248998 0.00 
C41,28 242314 0.00 
C41,29 229738 0.00 
C41,30 233741 0.00 
C41,31 253443 0.00 
C41,32 234663 0.00 
C41,33 258070 0.00 
C41,34 237281 0.00 
C41,35 239222 0.00 
C41,36 238934 0.00 
C41,37 242147 0.00 
C41,38 233712 0.00 
C41,39 228321 0.00 
C41,40 239070 0.00 
C41,41 224913 0.00 
C41,42 238027 0.00 
C41,43 230563 0.00 
C41,44 245119 0.00 
C41,45 260188 0.00 
C41,46 241977 0.00 
C41,47 241107 0.00 
C41,48 215923 0.00 
C41,49 225889 0.00 
C41,50 218376 0.00 
C41,51 225432 0.00 
C41,52 243301 0.00 
C41,53 264883 0.00 
C41,54 244572 0.00 
C41,55 220702 0.00 
C41,56 216854 0.00 
C41,57 236003 0.00 
C41,58 269940 0.00 
C41,59 211462 0.00 
C41,60 266965 0.00 
C41,61 222958 0.00 
C41,62 225427 0.00 
C41,63 274853 0.00 
C41,64 237306 0.00 
C41,65 253660 0.00 
C41,66 276757 0.00 
C41,67 239965 0.00 
C41,68 182217 0.00 
C41,69 225878 0.00 
C41,70 238149 0.00 
C41,71 212899 0.00 
C41,72 265094 0.00 
C41,73 233615 0.00 
C41,74 249634 0.00 
C41,75 223391 0.00 
C41,76 217892 0.00 
C41,77 230969 0.00 
C41,78 261209 0.00 
C41,79 287709 0.00 
C41,80 217787 0.00 
C41,81 256642 0.00 
C41,82 238927 0.00 
C41,83 240877 0.00 
C41,84 226882 0.00 
C41,85 230573 0.00 
C41,86 248723 0.00 
C41,87 230221 0.00 
C41,88 271393 0.00 
C41,89 239324 0.00 
C41,90 267568 0.00 
C41,91 240353 0.00 
C41,92 242225 0.00 
C41,93 223432 0.00 
C41,94 256487 0.00 
C41,95 241790 0.00 
C41,96 229978 0.00 
C41,97 227336 0.00 
C41,98 218646 0.00 
C41,99 230805 0.00 
C41,100 237063 0.00 
C42,1 253483 0.00 
C42,2 246994 0.00 
C42,3 282895 0.00 
C42,4 300342 0.00 
C42,5 252828 0.00 
C42,6 269083 0.00 
C42,7 309148 0.00 
C42,8 286958 0.00 
C42,9 265539 0.00 
C42,10 269936 0.00 
C42,11 272925 0.00 
C42,12 266896 0.00 
C42,13 285246 0.00 
C42,14 265320 0.00 
C42,15 285950 0.00 
C42,16 287560 0.00 
C42,17 266991 0.00 
C42,18 303166 0.00 
C42,19 280681 0.00 
C42,20 307700 0.00 
C42,21 268737 0.00 
C42,22 278930 0.00 
C42,23 271990 0.00 
C42,24 256269 0.00 
C42,25 321274 0.00 
C42,26 218435 0.00 
C42,27 279191 0.00 
C42,28 274059 0.00 
C42,29 267392 0.00 
C42,30 269675 0.00 
C42,31 301210 0.00 
C42,32 264518 0.00 
C42,33 283317 0.00 
C42,34 275425 0.00 
C42,35 256873 0.00 
C42,36 301453 0.00 
C42,37 298243 0.00 
C42,38 266497 0.00 
C42,39 262558 0.00 
C42,40 289352 0.00 
C42,41 252009 0.00 
C42,42 277367 0.00 
C42,43 284308 0.00 
C42,44 292046 0.00 
C42,45 289214 0.00 
C42,46 274496 0.00 
C42,47 286531 0.00 
C42,48 249480 0.00 
C42,49 281362 0.00 
C42,50 245974 0.00 
C42,51 252399 0.00 
C42,52 290153 0.00 
C42,53 306329 0.00 
C42,54 297824 0.00 
C42,55 247323 0.00 
C42,56 259564 0.00 
C42,57 256720 0.00 
C42,58 300355 0.00 
C42,59 270920 0.00 
C42,60 283116 0.00 
C42,61 261704 0.00 
C42,62 272841 0.00 
C42,63 312506 0.00 
C42,64 279795 0.00 
C42,65 296529 0.00 
C42,66 302927 0.00 
C42,67 274176 0.00 
C42,68 237123 0.00 
C42,69 266740 0.00 
C42,70 267107 0.00 
C42,71 245093 0.00 
C42,72 304626 0.00 
C42,73 267469 0.00 
C42,74 294200 0.00 
C42,75 256703 0.00 
C42,76 250717 0.00 
C42,77 256297 0.00 
C42,78 288906 0.00 
C42,79 315740 0.00 
C42,80 267221 0.00 
C42,81 291745 0.00 
C42,82 269398 0.00 
C42,83 287264 0.00 
C42,84 256098 0.00 
C42,85 286238 0.00 
C42,86 298186 0.00 
C42,87 264467 0.00 
C42,88 308075 0.00 
C42,89 277805 0.00 
C42,90 290423 0.00 
C42,91 284679 0.00 
C42,92 299334 0.00 
C42,93 275545 0.00 
C42,94 285923 0.00 
C42,95 265784 0.00 
C42,96 250608 0.00 
C42,97 240237 0.00 
C42,98 257714 0.00 
C42,99 266112 0.00 
C42,100 289939 0.00 
C43,1 263526 0.00 
C43,2 240804 0.00 
C43,3 272993 0.00 
C43,4 287123 0.00 
C43,5 251085 0.00 
C43,6 250404 0.00 
C43,7 276870 0.00 
C43,8 248009 0.00 
C43,9 244583 0.00 
C43,10 238964 0.00 
C43,11 257682 0.00 
C43,12 238903 0.00 
C43,13 262723 0.00 
C43,14 256174 0.00 
C43,15 256865 0.00 
C43,16 279445 0.00 
C43,17 248408 0.00 
C43,18 285931 0.00 
C43,19 255614 0.00 
C43,20 279387 0.00 
C43,21 266100 0.00 
C43,22 281472 0.00 
C43,23 257705 0.00 
C43,24 253323 0.00 
C43,25 286794 0.00 
C43,26 232788 0.00 
C43,27 260400 0.00 
C43,28 269986 0.00 
C43,29 253076 0.00 
C43,30 245423 0.00 
C43,31 283502 0.00 
C43,32 249224 0.00 
C43,33 259709 0.00 
C43,34 251506 0.00 
C43,35 264969 0.00 
C43,36 280446 0.00 
C43,37 269642 0.00 
C43,38 258520 0.00 
C43,39 265845 0.00 
C43,40 239962 0.00 
C43,41 255448 0.00 
C43,42 261073 0.00 
C43,43 250934 0.00 
C43,44 285492 0.00 
C43,45 283988 0.00 
C43,46 249060 0.00 
C43,47 251613 0.00 
C43,48 229035 0.00 
C43,49 247584 0.00 
C43,50 231009 0.00 
C43,51 253789 0.00 
C43,52 277812 0.00 
C43,53 297022 0.00 
C43,54 265622 0.00 
C43,55 236635 0.00 
C43,56 243540 0.00 
C43,57 234626 0.00 
C43,58 287403 0.00 
C43,59 241887 0.00 
C43,60 273065 0.00 
C43,61 238793 0.00 
C43,62 255914 0.00 
C43,63 304596 0.00 
C43,64 267688 0.00 
C43,65 268183 0.00 
C43,66 297138 0.00 
C43,67 273149 0.00 
C43,68 216233 0.00 
C43,69 246834 0.00 
C43,70 265757 0.00 
C43,71 245658 0.00 
C43,72 288813 0.00 
C43,73 245839 0.00 
C43,74 284806 0.00 
C43,75 249288 0.00 
C43,76 224181 0.00 
C43,77 254592 0.00 
C43,78 269469 0.00 
C43,79 307242 0.00 
C43,80 247287 0.00 
C43,81 275650 0.00 
C43,82 262976 0.00 
C43,83 264808 0.00 
C43,84 254285 0.00 
C43,85 261018 0.00 
C43,86 271429 0.00 
C43,87 253591 0.00 
C43,88 281368 0.00 
C43,89 264424 0.00 
C43,90 276663 0.00 
C43,91 267969 0.00 
C43,92 260692 0.00 
C43,93 260073 0.00 
C43,94 282750 0.00 
C43,95 249044 0.00 
C43,96 243461 0.00 
C43,97 259686 0.00 
C43,98 248163 0.00 
C43,99 250612 0.00 
C43,100 257443 0.00 
C44,1 235274 0.00 
C44,2 225551 0.00 
C44,3 251922 0.00 
C44,4 252897 0.00 
C44,5 232102 0.00 
C44,6 223756 0.00 
C44,7 274902 0.00 
C44,8 243282 0.00 
C44,9 224242 0.00 
C44,10 209944 0.00 
C44,11 249401 0.00 
C44,12 236648 0.00 
C44,13 250068 0.00 
C44,14 223100 0.00 
C44,15 244755 0.00 
C44,16 252950 0.00 
C44,17 221379 0.00 
C44,18 268778 0.00 
C44,19 237923 0.00 
C44,20 264127 0.00 
C44,21 250886 0.00 
C44,22 254788 0.00 
C44,23 228178 0.00 
C44,24 254524 0.00 
C44,25 263447 0.00 
C44,26 226056 0.00 
C44,27 234574 0.00 
C44,28 244860 0.00 
C44,29 227487 0.00 
C44,30 225700 0.00 
C44,31 252909 0.00 
C44,32 230898 0.00 
C44,33 255668 0.00 
C44,34 246551 0.00 
C44,35 240247 0.00 
C44,36 253536 0.00 
C44,37 228108 0.00 
C44,38 238218 0.00 
C44,39 231824 0.00 
C44,40 245383 0.00 
C44,41 233269 0.00 
C44,42 244222 0.00 
C44,43 242967 0.00 
C44,44 260584 0.00 
C44,45 260948 0.00 
C44,46 235304 0.00 
C44,47 235601 0.00 
C44,48 219555 0.00 
C44,49 224930 0.00 
C44,50 230792 0.00 
C44,51 225682 0.00 
C44,52 245309 0.00 
C44,53 260213 0.00 
C44,54 245103 0.00 
C44,55 240345 0.00 
C44,56 231335 0.00 
C44,57 221266 0.00 
C44,58 260385 0.00 
C44,59 223760 0.00 
C44,60 254782 0.00 
C44,61 227318 0.00 
C44,62 236815 0.00 
C44,63 263928 0.00 
C44,64 250008 0.00 
C44,65 268043 0.00 
C44,66 255310 0.00 
C44,67 240025 0.00 
C44,68 188268 0.00 
C44,69 233174 0.00 
C44,70 245321 0.00 
C44,71 219440 0.00 
C44,72 278213 0.00 
C44,73 251968 0.00 
C44,74 241949 0.00 
C44,75 224198 0.00 
C44,76 207105 0.00 
C44,77 270149 0.00 
C44,78 273771 0.00 
C44,79 269730 0.00 
C44,80 238382 0.00 
C44,81 259182 0.00 
C44,82 231192 0.00 
C44,83 259179 0.00 
C44,84 239687 0.00 
C44,85 240940 0.00 
C44,86 241173 0.00 
C44,87 230085 0.00 
C44,88 260935 0.00 
C44,89 248524 0.00 
C44,90 261350 0.00 
C44,91 253363 0.00 
C44,92 241052 0.00 
C44,93 224809 0.00 
C44,94 248414 0.00 
C44,95 244518 0.00 
C44,96 214540 0.00 
C44,97 234670 0.00 
C44,98 225513 0.00 
C44,99 239842 0.00 
C44,100 238886 0.00 
C45,1 234851 0.00 
C45,2 215637 0.00 
C45,3 249730 0.00 
C45,4 269506 0.00 
C45,5 237626 0.00 
C45,6 234769 0.00 
C45,7 269320 0.00 
C45,8 233614 0.00 
C45,9 223317 0.00 
C45,10 236594 0.00 
C45,11 236307 0.00 
C45,12 234698 0.00 
C45,13 244027 0.00 
C45,14 224129 0.00 
C45,15 241224 0.00 
C45,16 258445 0.00 
C45,17 229746 0.00 
C45,18 272142 0.00 
C45,19 249373 0.00 
C45,20 273364 0.00 
C45,21 239197 0.00 
C45,22 260013 0.00 
C45,23 248393 0.00 
C45,24 236509 0.00 
C45,25 277841 0.00 
C45,26 218899 0.00 
C45,27 242148 0.00 
C45,28 239103 0.00 
C45,29 250851 0.00 
C45,30 238746 0.00 
C45,31 279879 0.00 
C45,32 235664 0.00 
C45,33 256397 0.00 
C45,34 248257 0.00 
C45,35 243644 0.00 
C45,36 266875 0.00 
C45,37 245791 0.00 
C45,38 239884 0.00 
C45,39 250111 0.00 
C45,40 254256 0.00 
C45,41 225526 0.00 
C45,42 256635 0.00 
C45,43 244030 0.00 
C45,44 267732 0.00 
C45,45 272126 0.00 
C45,46 233359 0.00 
C45,47 230021 0.00 
C45,48 211260 0.00 
C45,49 246208 0.00 
C45,50 231462 0.00 
C45,51 234663 0.00 
C45,52 249453 0.00 
C45,53 287437 0.00 
C45,54 236939 0.00 
C45,55 226562 0.00 
C45,56 221537 0.00 
C45,57 232316 0.00 
C45,58 253997 0.00 
C45,59 220118 0.00 
C45,60 257919 0.00 
C45,61 227164 0.00 
C45,62 250686 0.00 
C45,63 284360 0.00 
C45,64 248688 0.00 
C45,65 262495 0.00 
C45,66 276371 0.00 
C45,67 243501 0.00 
C45,68 195322 0.00 
C45,69 241763 0.00 
C45,70 238104 0.00 
C45,71 217517 0.00 
C45,72 273028 0.00 
C45,73 228409 0.00 
C45,74 261712 0.00 
C45,75 230675 0.00 
C45,76 222670 0.00 
C45,77 234726 0.00 
C45,78 266573 0.00 
C45,79 281663 0.00 
C45,80 241948 0.00 
C45,81 262646 0.00 
C45,82 235350 0.00 
C45,83 256217 0.00 
C45,84 247636 0.00 
C45,85 246171 0.00 
C45,86 245862 0.00 
C45,87 223706 0.00 
C45,88 279141 0.00 
C45,89 243304 0.00 
C45,90 262020 0.00 
C45,91 253304 0.00 
C45,92 261626 0.00 
C45,93 228363 0.00 
C45,94 260645 0.00 
C45,95 241759 0.00 
C45,96 219441 0.00 
C45,97 228273 0.00 
C45,98 238166 0.00 
C45,99 241272 0.00 
C45,100 247078 0.00 
C46,1 218936 0.00 
C46,2 213817 0.00 
C46,3 247558 0.00 
C46,4 246444 0.00 
C46,5 231722 0.00 
C46,6 213721 0.00 
C46,7 248932 0.00 
C46,8 232015 0.00 
C46,9 223000 0.00 
C46,10 208891 0.00 
C46,11 216306 0.00 
C46,12 207080 0.00 
C46,13 226151 0.00 
C46,14 220768 0.00 
C46,15 241728 0.00 
C46,16 241832 0.00 
C46,17 214198 0.00 
C46,18 239512 0.00 
C46,19 219115 0.00 
C46,20 260151 0.00 
C46,21 225483 0.00 
C46,22 234441 0.00 
C46,23 222509 0.00 
C46,24 225323 0.00 
C46,25 259928 0.00 
C46,26 194152 0.00 
C46,27 208906 0.00 
C46,28 234553 0.00 
C46,29 227577 0.00 
C46,30 223638 0.00 
C46,31 241084 0.00 
C46,32 207729 0.00 
C46,33 240105 0.00 
C46,34 231648 0.00 
C46,35 223077 0.00 
C46,36 230358 0.00 
C46,37 232723 0.00 
C46,38 228109 0.00 
C46,39 213022 0.00 
C46,40 228234 0.00 
C46,41 210230 0.00 
C46,42 224959 0.00 
C46,43 219955 0.00 
C46,44 250305 0.00 
C46,45 251593 0.00 
C46,46 231504 0.00 
C46,47 223171 0.00 
C46,48 210653 0.00 
C46,49 230453 0.00 
C46,50 211127 0.00 
C46,51 212516 0.00 
C46,52 249263 0.00 
C46,53 240590 0.00 
C46,54 235900 0.00 
C46,55 222834 0.00 
C46,56 208003 0.00 
C46,57 223544 0.00 
C46,58 258033 0.00 
C46,59 211587 0.00 
C46,60 230207 0.00 
C46,61 230600 0.00 
C46,62 233132 0.00 
C46,63 254266 0.00 
C46,64 220867 0.00 
C46,65 242954 0.00 
C46,66 241079 0.00 
C46,67 246348 0.00 
C46,68 172786 0.00 
C46,69 215475 0.00 
C46,70 220316 0.00 
C46,71 216977 0.00 
C46,72 251778 0.00 
C46,73 226214 0.00 
C46,74 244495 0.00 
C46,75 209590 0.00 
C46,76 192729 0.00 
C46,77 227182 0.00 
C46,78 240924 0.00 
C46,79 255366 0.00 
C46,80 231144 0.00 
C46,81 235520 0.00 
C46,82 241004 0.00 
C46,83 233644 0.00 
C46,84 215088 0.00 
C46,85 245987 0.00 
C46,86 245161 0.00 
C46,87 199405 0.00 
C46,88 262831 0.00 
C46,89 222254 0.00 
C46,90 238084 0.00 
C46,91 247720 0.00 
C46,92 228509 0.00 
C46,93 224917 0.00 
C46,94 230791 0.00 
C46,95 227858 0.00 
C46,96 203734 0.00 
C46,97 217550 0.00 
C46,98 227465 0.00 
C46,99 220858 0.00 
C46,100 218241 0.00 
C47,1 239710 0.00 
C47,2 219031 0.00 
C47,3 248002 0.00 
C47,4 258812 0.00 
C47,5 226187 0.00 
C47,6 224976 0.00 
C47,7 256486 0.00 
C47,8 230086 0.00 
C47,9 225466 0.00 
C47,10 225728 0.00 
C47,11 222709 0.00 
C47,12 235698 0.00 
C47,13 224749 0.00 
C47,14 242684 0.00 
C47,15 235596 0.00 
C47,16 250227 0.00 
C47,17 222354 0.00 
C47,18 276702 0.00 
C47,19 230522 0.00 
C47,20 270365 0.00 
C47,21 237249 0.00 
C47,22 265609 0.00 
C47,23 238071 0.00 
C47,24 228958 0.00 
C47,25 294061 0.00 
C47,26 226562 0.00 
C47,27 225886 0.00 
C47,28 242497 0.00 
C47,29 219804 0.00 
C47,30 235428 0.00 
C47,31 258988 0.00 
C47,32 221316 0.00 
C47,33 246481 0.00 
C47,34 257178 0.00 
C47,35 226236 0.00 
C47,36 252167 0.00 
C47,37 246095 0.00 
C47,38 228496 0.00 
C47,39 236290 0.00 
C47,40 249253 0.00 
C47,41 243075 0.00 
C47,42 247688 0.00 
C47,43 237596 0.00 
C47,44 254853 0.00 
C47,45 277193 0.00 
C47,46 234347 0.00 
C47,47 233927 0.00 
C47,48 215099 0.00 
C47,49 236632 0.00 
C47,50 232346 0.00 
C47,51 229035 0.00 
C47,52 250428 0.00 
C47,53 271224 0.00 
C47,54 243611 0.00 
C47,55 222286 0.00 
C47,56 220436 0.00 
C47,57 220747 0.00 
C47,58 265800 0.00 
C47,59 226516 0.00 
C47,60 252612 0.00 
C47,61 217721 0.00 
C47,62 229962 0.00 
C47,63 268972 0.00 
C47,64 255271 0.00 
C47,65 252690 0.00 
C47,66 255131 0.00 
C47,67 241874 0.00 
C47,68 204082 0.00 
C47,69 238493 0.00 
C47,70 255812 0.00 
C47,71 221103 0.00 
C47,72 266644 0.00 
C47,73 237990 0.00 
C47,74 257931 0.00 
C47,75 221979 0.00 
C47,76 213376 0.00 
C47,77 248139 0.00 
C47,78 262842 0.00 
C47,79 285387 0.00 
C47,80 217031 0.00 
C47,81 246170 0.00 
C47,82 230782 0.00 
C47,83 247767 0.00 
C47,84 220407 0.00 
C47,85 252638 0.00 
C47,86 250566 0.00 
C47,87 236206 0.00 
C47,88 264483 0.00 
C47,89 225689 0.00 
C47,90 259887 0.00 
C47,91 255544 0.00 
C47,92 239060 0.00 
C47,93 233012 0.00 
C47,94 251644 0.00 
C47,95 233555 0.00 
C47,96 221837 0.00 
C47,97 230462 0.00 
C47,98 234075 0.00 
C47,99 243340 0.00 
C47,100 242561 0.00 
C48,1 275703 0.00 
C48,2 248187 0.00 
C48,3 290748 0.00 
C48,4 317165 0.00 
C48,5 265718 0.00 
C48,6 262652 0.00 
C48,7 310441 0.00 
C48,8 280949 0.00 
C48,9 277443 0.00 
C48,10 272488 0.00 
C48,11 279485 0.00 
C48,12 274402 0.00 
C48,13 290744 0.00 
C48,14 265865 0.00 
C48,15 298662 0.00 
C48,16 282822 0.00 
C48,17 274891 0.00 
C48,18 306385 0.00 
C48,19 269435 0.00 
C48,20 312240 0.00 
C48,21 287170 0.00 
C48,22 284777 0.00 
C48,23 287195 0.00 
C48,24 265131 0.00 
C48,25 317274 0.00 
C48,26 249019 0.00 
C48,27 293262 0.00 
C48,28 283839 0.00 
C48,29 274971 0.00 
C48,30 285426 0.00 
C48,31 291010 0.00 
C48,32 255848 0.00 
C48,33 294618 0.00 
C48,34 280132 0.00 
C48,35 271448 0.00 
C48,36 298968 0.00 
C48,37 285942 0.00 
C48,38 273182 0.00 
C48,39 287822 0.00 
C48,40 287707 0.00 
C48,41 271550 0.00 
C48,42 256479 0.00 
C48,43 290238 0.00 
C48,44 297915 0.00 
C48,45 292370 0.00 
C48,46 269939 0.00 
C48,47 280684 0.00 
C48,48 252646 0.00 
C48,49 271686 0.00 
C48,50 256514 0.00 
C48,51 270307 0.00 
C48,52 287909 0.00 
C48,53 299820 0.00 
C48,54 300519 0.00 
C48,55 254530 0.00 
C48,56 264389 0.00 
C48,57 251055 0.00 
C48,58 295944 0.00 
C48,59 259397 0.00 
C48,60 290944 0.00 
C48,61 250010 0.00 
C48,62 268187 0.00 
C48,63 318276 0.00 
C48,64 277065 0.00 
C48,65 310556 0.00 
C48,66 294362 0.00 
C48,67 284434 0.00 
C48,68 232881 0.00 
C48,69 262308 0.00 
C48,70 291478 0.00 
C48,71 258708 0.00 
C48,72 308259 0.00 
C48,73 286470 0.00 
C48,74 281589 0.00 
C48,75 263046 0.00 
C48,76 247355 0.00 
C48,77 262899 0.00 
C48,78 293516 0.00 
C48,79 324393 0.00 
C48,80 266830 0.00 
C48,81 298491 0.00 
C48,82 263544 0.00 
C48,83 293923 0.00 
C48,84 257604 0.00 
C48,85 287806 0.00 
C48,86 298602 0.00 
C48,87 272359 0.00 
C48,88 300562 0.00 
C48,89 281448 0.00 
C48,90 314994 0.00 
C48,91 293005 0.00 
C48,92 296153 0.00 
C48,93 273785 0.00 
C48,94 280305 0.00 
C48,95 287182 0.00 
C48,96 256011 0.00 
C48,97 254525 0.00 
C48,98 259603 0.00 
C48,99 283960 0.00 
C48,100 288027 0.00 
C49,1 278661 0.00 
C49,2 262034 0.00 
C49,3 298150 0.00 
C49,4 312494 0.00 
C49,5 262900 0.00 
C49,6 269067 0.00 
C49,7 306043 0.00 
C49,8 273572 0.00 
C49,9 283001 0.00 
C49,10 253531 0.00 
C49,11 277354 0.00 
C49,12 252350 0.00 
C49,13 272095 0.00 
C49,14 276385 0.00 
C49,15 282872 0.00 
C49,16 288581 0.00 
C49,17 246978 0.00 
C49,18 300953 0.00 
C49,19 278003 0.00 
C49,20 325744 0.00 
C49,21 290907 0.00 
C49,22 302086 0.00 
C49,23 293817 0.00 
C49,24 262926 0.00 
C49,25 313243 0.00 
C49,26 250552 0.00 
C49,27 281108 0.00 
C49,28 286703 0.00 
C49,29 271945 0.00 
C49,30 269585 0.00 
C49,31 302889 0.00 
C49,32 285702 0.00 
C49,33 305536 0.00 
C49,34 273593 0.00 
C49,35 276459 0.00 
C49,36 292011 0.00 
C49,37 279994 0.00 
C49,38 277254 0.00 
C49,39 283520 0.00 
C49,40 276974 0.00 
C49,41 280489 0.00 
C49,42 284409 0.00 
C49,43 283479 0.00 
C49,44 290730 0.00 
C49,45 316526 0.00 
C49,46 268158 0.00 
C49,47 282784 0.00 
C49,48 262610 0.00 
C49,49 268722 0.00 
C49,50 263024 0.00 
C49,51 255816 0.00 
C49,52 285880 0.00 
C49,53 317236 0.00 
C49,54 290460 0.00 
C49,55 265044 0.00 
C49,56 266812 0.00 
C49,57 268265 0.00 
C49,58 302971 0.00 
C49,59 261044 0.00 
C49,60 319324 0.00 
C49,61 273557 0.00 
C49,62 272637 0.00 
C49,63 301480 0.00 
C49,64 277818 0.00 
C49,65 296118 0.00 
C49,66 309125 0.00 
C49,67 282961 0.00 
C49,68 219939 0.00 
C49,69 286359 0.00 
C49,70 295759 0.00 
C49,71 258416 0.00 
C49,72 307920 0.00 
C49,73 269283 0.00 
C49,74 292038 0.00 
C49,75 249940 0.00 
C49,76 252949 0.00 
C49,77 270711 0.00 
C49,78 297257 0.00 
C49,79 332457 0.00 
C49,80 268220 0.00 
C49,81 298364 0.00 
C49,82 275492 0.00 
C49,83 283567 0.00 
C49,84 275373 0.00 
C49,85 284803 0.00 
C49,86 292385 0.00 
C49,87 264451 0.00 
C49,88 313853 0.00 
C49,89 281312 0.00 
C49,90 303998 0.00 
C49,91 287587 0.00 
C49,92 282398 0.00 
C49,93 274693 0.00 
C49,94 302130 0.00 
C49,95 284975 0.00 
C49,96 265536 0.00 
C49,97 270729 0.00 
C49,98 264558 0.00 
C49,99 286279 0.00 
C49,100 282755 0.00 
C50,1 224094 0.00 
C50,2 209408 0.00 
C50,3 253338 0.00 
C50,4 266953 0.00 
C50,5 236539 0.00 
C50,6 218073 0.00 
C50,7 262641 0.00 
C50,8 240360 0.00 
C50,9 228567 0.00 
C50,10 219499 0.00 
C50,11 227254 0.00 
C50,12 238529 0.00 
C50,13 229200 0.00 
C50,14 225357 0.00 
C50,15 244831 0.00 
C50,16 260505 0.00 
C50,17 223311 0.00 
C50,18 266801 0.00 
C50,19 244938 0.00 
C50,20 267351 0.00 
C50,21 249545 0.00 
C50,22 237188 0.00 
C50,23 243783 0.00 
C50,24 230417 0.00 
C50,25 270411 0.00 
C50,26 223927 0.00 
C50,27 238140 0.00 
C50,28 231199 0.00 
C50,29 244735 0.00 
C50,30 235112 0.00 
C50,31 269211 0.00 
C50,32 222055 0.00 
C50,33 257634 0.00 
C50,34 233870 0.00 
C50,35 235236 0.00 
C50,36 254534 0.00 
C50,37 231057 0.00 
C50,38 223025 0.00 
C50,39 238207 0.00 
C50,40 251365 0.00 
C50,41 237726 0.00 
C50,42 245795 0.00 
C50,43 254342 0.00 
C50,44 258827 0.00 
C50,45 267678 0.00 
C50,46 233653 0.00 
C50,47 239341 0.00 
C50,48 213411 0.00 
C50,49 242711 0.00 
C50,50 223397 0.00 
0.00 
