100 100
C1,1 219926 0.00 
C1,2 223116 0.00 
C1,3 248459 0.00 
C1,4 260642 0.00 
C1,5 221722 0.00 
C1,6 226471 0.00 
C1,7 267369 0.00 
C1,8 230158 0.00 
C1,9 246373 0.00 
C1,10 220045 0.00 
C1,11 241148 0.00 
C1,12 232092 0.00 
C1,13 227330 0.00 
C1,14 224995 0.00 
C1,15 243193 0.00 
C1,16 244536 0.00 
C1,17 205068 0.00 
C1,18 250606 0.00 
C1,19 238181 0.00 
C1,20 263048 0.00 
C1,21 237446 0.00 
C1,22 250165 0.00 
C1,23 250813 0.00 
C1,24 230904 0.00 
C1,25 259253 0.00 
C1,26 219982 0.00 
C1,27 248892 0.00 
C1,28 245380 0.00 
C1,29 236670 0.00 
C1,30 237954 0.00 
C1,31 258367 0.00 
C1,32 220000 0.00 
C1,33 249687 0.00 
C1,34 227426 0.00 
C1,35 224523 0.00 
C1,36 269233 0.00 
C1,37 226463 0.00 
C1,38 220142 0.00 
C1,39 229526 0.00 
C1,40 251721 0.00 
C1,41 221772 0.00 
C1,42 245859 0.00 
C1,43 227938 0.00 
C1,44 250608 0.00 
C1,45 254033 0.00 
C1,46 237398 0.00 
C1,47 241223 0.00 
C1,48 219511 0.00 
C1,49 227631 0.00 
C1,50 226780 0.00 
C1,51 228200 0.00 
C1,52 261784 0.00 
C1,53 262379 0.00 
C1,54 240133 0.00 
C1,55 240997 0.00 
C1,56 223149 0.00 
C1,57 226470 0.00 
C1,58 255846 0.00 
C1,59 209319 0.00 
C1,60 250121 0.00 
C1,61 225844 0.00 
C1,62 232661 0.00 
C1,63 267124 0.00 
C1,64 238231 0.00 
C1,65 252764 0.00 
C1,66 252123 0.00 
C1,67 249321 0.00 
C1,68 202644 0.00 
C1,69 212314 0.00 
C1,70 244022 0.00 
C1,71 220792 0.00 
C1,72 262487 0.00 
C1,73 239176 0.00 
C1,74 243903 0.00 
C1,75 229372 0.00 
C1,76 195643 0.00 
C1,77 224379 0.00 
C1,78 258487 0.00 
C1,79 269247 0.00 
C1,80 231617 0.00 
C1,81 245205 0.00 
C1,82 229856 0.00 
C1,83 241210 0.00 
C1,84 223638 0.00 
C1,85 256532 0.00 
C1,86 246813 0.00 
C1,87 233425 0.00 
C1,88 260512 0.00 
C1,89 244040 0.00 
C1,90 270196 0.00 
C1,91 252838 0.00 
C1,92 242916 0.00 
C1,93 240564 0.00 
C1,94 259327 0.00 
C1,95 240192 0.00 
C1,96 220891 0.00 
C1,97 230254 0.00 
C1,98 228886 0.00 
C1,99 242979 0.00 
C1,100 240913 0.00 
C2,1 269615 0.00 
C2,2 254287 0.00 
C2,3 283715 0.00 
C2,4 304459 0.00 
C2,5 262523 0.00 
C2,6 264626 0.00 
C2,7 304466 0.00 
C2,8 275014 0.00 
C2,9 251451 0.00 
C2,10 249271 0.00 
C2,11 256724 0.00 
C2,12 255504 0.00 
C2,13 270582 0.00 
C2,14 266900 0.00 
C2,15 274728 0.00 
C2,16 299043 0.00 
C2,17 260946 0.00 
C2,18 302934 0.00 
C2,19 268750 0.00 
C2,20 301250 0.00 
C2,21 276542 0.00 
C2,22 300893 0.00 
C2,23 256036 0.00 
C2,24 266619 0.00 
C2,25 314480 0.00 
C2,26 257406 0.00 
C2,27 259431 0.00 
C2,28 286547 0.00 
C2,29 262712 0.00 
C2,30 281487 0.00 
C2,31 300385 0.00 
C2,32 257113 0.00 
C2,33 286257 0.00 
C2,34 285251 0.00 
C2,35 274632 0.00 
C2,36 303982 0.00 
C2,37 273640 0.00 
C2,38 259488 0.00 
C2,39 269035 0.00 
C2,40 266184 0.00 
C2,41 259760 0.00 
C2,42 265932 0.00 
C2,43 267391 0.00 
C2,44 302716 0.00 
C2,45 308711 0.00 
C2,46 262810 0.00 
C2,47 282892 0.00 
C2,48 251812 0.00 
C2,49 270624 0.00 
C2,50 263668 0.00 
C2,51 257128 0.00 
C2,52 281196 0.00 
C2,53 308802 0.00 
C2,54 284360 0.00 
C2,55 268412 0.00 
C2,56 265321 0.00 
C2,57 248998 0.00 
C2,58 288529 0.00 
C2,59 243820 0.00 
C2,60 264415 0.00 
C2,61 251029 0.00 
C2,62 263368 0.00 
C2,63 312753 0.00 
C2,64 278423 0.00 
C2,65 303195 0.00 
C2,66 307312 0.00 
C2,67 271183 0.00 
C2,68 232907 0.00 
C2,69 261448 0.00 
C2,70 272299 0.00 
C2,71 262634 0.00 
C2,72 292680 0.00 
C2,73 265561 0.00 
C2,74 296370 0.00 
C2,75 266561 0.00 
C2,76 232156 0.00 
C2,77 269748 0.00 
C2,78 303421 0.00 
C2,79 305193 0.00 
C2,80 273331 0.00 
C2,81 297452 0.00 
C2,82 272645 0.00 
C2,83 296474 0.00 
C2,84 262428 0.00 
C2,85 286749 0.00 
C2,86 297843 0.00 
C2,87 264661 0.00 
C2,88 307369 0.00 
C2,89 278855 0.00 
C2,90 300868 0.00 
C2,91 281908 0.00 
C2,92 294073 0.00 
C2,93 257964 0.00 
C2,94 295895 0.00 
C2,95 269961 0.00 
C2,96 250235 0.00 
C2,97 250533 0.00 
C2,98 249452 0.00 
C2,99 267409 0.00 
C2,100 284051 0.00 
C3,1 235884 0.00 
C3,2 212711 0.00 
C3,3 255944 0.00 
C3,4 271635 0.00 
C3,5 252210 0.00 
C3,6 235800 0.00 
C3,7 249819 0.00 
C3,8 252076 0.00 
C3,9 234691 0.00 
C3,10 225338 0.00 
C3,11 234272 0.00 
C3,12 229246 0.00 
C3,13 257034 0.00 
C3,14 247204 0.00 
C3,15 248332 0.00 
C3,16 259114 0.00 
C3,17 239869 0.00 
C3,18 267076 0.00 
C3,19 236239 0.00 
C3,20 280720 0.00 
C3,21 260637 0.00 
C3,22 267852 0.00 
C3,23 237948 0.00 
C3,24 245749 0.00 
C3,25 275135 0.00 
C3,26 235949 0.00 
C3,27 249292 0.00 
C3,28 265656 0.00 
C3,29 255385 0.00 
C3,30 255601 0.00 
C3,31 260556 0.00 
C3,32 235424 0.00 
C3,33 269081 0.00 
C3,34 238827 0.00 
C3,35 251243 0.00 
C3,36 249279 0.00 
C3,37 257516 0.00 
C3,38 252038 0.00 
C3,39 243058 0.00 
C3,40 245480 0.00 
C3,41 252365 0.00 
C3,42 232776 0.00 
C3,43 252406 0.00 
C3,44 254813 0.00 
C3,45 266668 0.00 
C3,46 236829 0.00 
C3,47 249912 0.00 
C3,48 210057 0.00 
C3,49 241022 0.00 
C3,50 237143 0.00 
C3,51 233646 0.00 
C3,52 253991 0.00 
C3,53 279598 0.00 
C3,54 256243 0.00 
C3,55 236477 0.00 
C3,56 238787 0.00 
C3,57 225899 0.00 
C3,58 271282 0.00 
C3,59 219452 0.00 
C3,60 269853 0.00 
C3,61 238857 0.00 
C3,62 241934 0.00 
C3,63 282897 0.00 
C3,64 264614 0.00 
C3,65 264766 0.00 
C3,66 279565 0.00 
C3,67 262653 0.00 
C3,68 198881 0.00 
C3,69 242634 0.00 
C3,70 251890 0.00 
C3,71 238636 0.00 
C3,72 269159 0.00 
C3,73 252380 0.00 
C3,74 259065 0.00 
C3,75 213814 0.00 
C3,76 214993 0.00 
C3,77 232583 0.00 
C3,78 264762 0.00 
C3,79 294091 0.00 
C3,80 242089 0.00 
C3,81 252471 0.00 
C3,82 244465 0.00 
C3,83 260343 0.00 
C3,84 248734 0.00 
C3,85 247178 0.00 
C3,86 268281 0.00 
C3,87 243424 0.00 
C3,88 274429 0.00 
C3,89 241024 0.00 
C3,90 270093 0.00 
C3,91 253279 0.00 
C3,92 264747 0.00 
C3,93 237988 0.00 
C3,94 260769 0.00 
C3,95 248136 0.00 
C3,96 233186 0.00 
C3,97 245653 0.00 
C3,98 228440 0.00 
C3,99 242458 0.00 
C3,100 250420 0.00 
C4,1 229858 0.00 
C4,2 215762 0.00 
C4,3 256355 0.00 
C4,4 264061 0.00 
C4,5 236976 0.00 
C4,6 233571 0.00 
C4,7 275948 0.00 
C4,8 232299 0.00 
C4,9 226730 0.00 
C4,10 226274 0.00 
C4,11 247286 0.00 
C4,12 247327 0.00 
C4,13 255275 0.00 
C4,14 230229 0.00 
C4,15 257809 0.00 
C4,16 255207 0.00 
C4,17 228416 0.00 
C4,18 275007 0.00 
C4,19 248259 0.00 
C4,20 271777 0.00 
C4,21 249227 0.00 
C4,22 260587 0.00 
C4,23 244341 0.00 
C4,24 246916 0.00 
C4,25 273566 0.00 
C4,26 229145 0.00 
C4,27 248364 0.00 
C4,28 237236 0.00 
C4,29 254744 0.00 
C4,30 245328 0.00 
C4,31 277350 0.00 
C4,32 232652 0.00 
C4,33 249133 0.00 
C4,34 246837 0.00 
C4,35 238388 0.00 
C4,36 276777 0.00 
C4,37 248530 0.00 
C4,38 240160 0.00 
C4,39 244302 0.00 
C4,40 265493 0.00 
C4,41 224412 0.00 
C4,42 261926 0.00 
C4,43 249897 0.00 
C4,44 276671 0.00 
C4,45 271734 0.00 
C4,46 225658 0.00 
C4,47 240565 0.00 
C4,48 238028 0.00 
C4,49 243589 0.00 
C4,50 229404 0.00 
C4,51 219683 0.00 
C4,52 260890 0.00 
C4,53 288463 0.00 
C4,54 259055 0.00 
C4,55 225563 0.00 
C4,56 240323 0.00 
C4,57 203224 0.00 
C4,58 268582 0.00 
C4,59 236095 0.00 
C4,60 253774 0.00 
C4,61 223270 0.00 
C4,62 248942 0.00 
C4,63 295507 0.00 
C4,64 253690 0.00 
C4,65 259901 0.00 
C4,66 264767 0.00 
C4,67 261529 0.00 
C4,68 221431 0.00 
C4,69 229901 0.00 
C4,70 252130 0.00 
C4,71 230796 0.00 
C4,72 279625 0.00 
C4,73 230671 0.00 
C4,74 273175 0.00 
C4,75 242129 0.00 
C4,76 213748 0.00 
C4,77 244742 0.00 
C4,78 279233 0.00 
C4,79 287299 0.00 
C4,80 237347 0.00 
C4,81 268920 0.00 
C4,82 246950 0.00 
C4,83 265068 0.00 
C4,84 229638 0.00 
C4,85 263773 0.00 
C4,86 263647 0.00 
C4,87 248008 0.00 
C4,88 268867 0.00 
C4,89 243586 0.00 
C4,90 265453 0.00 
C4,91 263347 0.00 
C4,92 271693 0.00 
C4,93 245095 0.00 
C4,94 259423 0.00 
C4,95 248837 0.00 
C4,96 225501 0.00 
C4,97 232925 0.00 
C4,98 242701 0.00 
C4,99 242477 0.00 
C4,100 255535 0.00 
C5,1 238864 0.00 
C5,2 226354 0.00 
C5,3 270251 0.00 
C5,4 275285 0.00 
C5,5 241623 0.00 
C5,6 238190 0.00 
C5,7 262279 0.00 
C5,8 248388 0.00 
C5,9 226336 0.00 
C5,10 229496 0.00 
C5,11 228464 0.00 
C5,12 246968 0.00 
C5,13 240755 0.00 
C5,14 241033 0.00 
C5,15 260894 0.00 
C5,16 247666 0.00 
C5,17 242865 0.00 
C5,18 263687 0.00 
C5,19 245278 0.00 
C5,20 271477 0.00 
C5,21 234233 0.00 
C5,22 258305 0.00 
C5,23 241108 0.00 
C5,24 248610 0.00 
C5,25 270387 0.00 
C5,26 209258 0.00 
C5,27 241000 0.00 
C5,28 253561 0.00 
C5,29 253703 0.00 
C5,30 249042 0.00 
C5,31 261820 0.00 
C5,32 219914 0.00 
C5,33 254445 0.00 
C5,34 233921 0.00 
C5,35 241479 0.00 
C5,36 284365 0.00 
C5,37 243498 0.00 
C5,38 221875 0.00 
C5,39 231921 0.00 
C5,40 255714 0.00 
C5,41 232142 0.00 
C5,42 253340 0.00 
C5,43 245573 0.00 
C5,44 270191 0.00 
C5,45 272544 0.00 
C5,46 247737 0.00 
C5,47 252407 0.00 
C5,48 227640 0.00 
C5,49 236175 0.00 
C5,50 220371 0.00 
C5,51 223565 0.00 
C5,52 252816 0.00 
C5,53 276560 0.00 
C5,54 261974 0.00 
C5,55 223171 0.00 
C5,56 240640 0.00 
C5,57 222970 0.00 
C5,58 259132 0.00 
C5,59 228495 0.00 
C5,60 245334 0.00 
C5,61 229571 0.00 
C5,62 254986 0.00 
C5,63 276181 0.00 
C5,64 257212 0.00 
C5,65 276995 0.00 
C5,66 262908 0.00 
C5,67 251986 0.00 
C5,68 202167 0.00 
C5,69 228583 0.00 
C5,70 238983 0.00 
C5,71 235091 0.00 
C5,72 282755 0.00 
C5,73 241472 0.00 
C5,74 268217 0.00 
C5,75 234462 0.00 
C5,76 231594 0.00 
C5,77 233824 0.00 
C5,78 260793 0.00 
C5,79 288348 0.00 
C5,80 232888 0.00 
C5,81 251167 0.00 
C5,82 251411 0.00 
C5,83 262500 0.00 
C5,84 238406 0.00 
C5,85 229790 0.00 
C5,86 250380 0.00 
C5,87 229987 0.00 
C5,88 279677 0.00 
C5,89 250749 0.00 
C5,90 260627 0.00 
C5,91 262146 0.00 
C5,92 260023 0.00 
C5,93 240770 0.00 
C5,94 251886 0.00 
C5,95 242422 0.00 
C5,96 226413 0.00 
C5,97 232901 0.00 
C5,98 233479 0.00 
C5,99 238170 0.00 
C5,100 263681 0.00 
C6,1 226997 0.00 
C6,2 192893 0.00 
C6,3 240296 0.00 
C6,4 262136 0.00 
C6,5 223539 0.00 
C6,6 204701 0.00 
C6,7 251816 0.00 
C6,8 234380 0.00 
C6,9 211117 0.00 
C6,10 226817 0.00 
C6,11 221290 0.00 
C6,12 201566 0.00 
C6,13 242112 0.00 
C6,14 231850 0.00 
C6,15 237751 0.00 
C6,16 242425 0.00 
C6,17 235058 0.00 
C6,18 251497 0.00 
C6,19 239387 0.00 
C6,20 269294 0.00 
C6,21 233773 0.00 
C6,22 247543 0.00 
C6,23 228374 0.00 
C6,24 232798 0.00 
C6,25 257529 0.00 
C6,26 193199 0.00 
C6,27 226239 0.00 
C6,28 236826 0.00 
C6,29 234429 0.00 
C6,30 227947 0.00 
C6,31 248065 0.00 
C6,32 218772 0.00 
C6,33 243493 0.00 
C6,34 244502 0.00 
C6,35 234673 0.00 
C6,36 245944 0.00 
C6,37 237341 0.00 
C6,38 234061 0.00 
C6,39 223948 0.00 
C6,40 226868 0.00 
C6,41 225445 0.00 
C6,42 231952 0.00 
C6,43 239561 0.00 
C6,44 250187 0.00 
C6,45 257886 0.00 
C6,46 211890 0.00 
C6,47 230523 0.00 
C6,48 205381 0.00 
C6,49 234059 0.00 
C6,50 221276 0.00 
C6,51 217340 0.00 
C6,52 238366 0.00 
C6,53 265159 0.00 
C6,54 235505 0.00 
C6,55 217655 0.00 
C6,56 229067 0.00 
C6,57 231152 0.00 
C6,58 256795 0.00 
C6,59 229748 0.00 
C6,60 248983 0.00 
C6,61 209015 0.00 
C6,62 242361 0.00 
C6,63 265742 0.00 
C6,64 234225 0.00 
C6,65 259391 0.00 
C6,66 260214 0.00 
C6,67 237055 0.00 
C6,68 190152 0.00 
C6,69 241952 0.00 
C6,70 237750 0.00 
C6,71 230564 0.00 
C6,72 255600 0.00 
C6,73 237936 0.00 
C6,74 253576 0.00 
C6,75 213143 0.00 
C6,76 212194 0.00 
C6,77 234627 0.00 
C6,78 251247 0.00 
C6,79 278316 0.00 
C6,80 229763 0.00 
C6,81 259717 0.00 
C6,82 247121 0.00 
C6,83 255710 0.00 
C6,84 245321 0.00 
C6,85 235791 0.00 
C6,86 252265 0.00 
C6,87 218551 0.00 
C6,88 246655 0.00 
C6,89 221119 0.00 
C6,90 249420 0.00 
C6,91 238485 0.00 
C6,92 247538 0.00 
C6,93 213669 0.00 
C6,94 253191 0.00 
C6,95 236281 0.00 
C6,96 219108 0.00 
C6,97 257828 0.00 
C6,98 229010 0.00 
C6,99 219537 0.00 
C6,100 229590 0.00 
C7,1 239723 0.00 
C7,2 241084 0.00 
C7,3 263071 0.00 
C7,4 292780 0.00 
C7,5 237462 0.00 
C7,6 231766 0.00 
C7,7 267927 0.00 
C7,8 241464 0.00 
C7,9 246894 0.00 
C7,10 258397 0.00 
C7,11 260959 0.00 
C7,12 236105 0.00 
C7,13 241843 0.00 
C7,14 244032 0.00 
C7,15 271348 0.00 
C7,16 255118 0.00 
C7,17 252039 0.00 
C7,18 292494 0.00 
C7,19 249838 0.00 
C7,20 295140 0.00 
C7,21 264704 0.00 
C7,22 289491 0.00 
C7,23 253882 0.00 
C7,24 248935 0.00 
C7,25 310535 0.00 
C7,26 223271 0.00 
C7,27 259156 0.00 
C7,28 276890 0.00 
C7,29 263610 0.00 
C7,30 258033 0.00 
C7,31 272472 0.00 
C7,32 250968 0.00 
C7,33 269217 0.00 
C7,34 255252 0.00 
C7,35 255494 0.00 
C7,36 274439 0.00 
C7,37 255093 0.00 
C7,38 261247 0.00 
C7,39 264511 0.00 
C7,40 249108 0.00 
C7,41 251330 0.00 
C7,42 260661 0.00 
C7,43 260085 0.00 
C7,44 273624 0.00 
C7,45 301705 0.00 
C7,46 255755 0.00 
C7,47 262718 0.00 
C7,48 241539 0.00 
C7,49 244402 0.00 
C7,50 240729 0.00 
C7,51 261339 0.00 
C7,52 263571 0.00 
C7,53 268358 0.00 
C7,54 262615 0.00 
C7,55 246006 0.00 
C7,56 257544 0.00 
C7,57 237827 0.00 
C7,58 281538 0.00 
C7,59 232292 0.00 
C7,60 271495 0.00 
C7,61 252983 0.00 
C7,62 256415 0.00 
C7,63 299551 0.00 
C7,64 250843 0.00 
C7,65 282963 0.00 
C7,66 283959 0.00 
C7,67 283323 0.00 
C7,68 197131 0.00 
C7,69 247830 0.00 
C7,70 268377 0.00 
C7,71 249277 0.00 
C7,72 289880 0.00 
C7,73 248334 0.00 
C7,74 278195 0.00 
C7,75 241854 0.00 
C7,76 233321 0.00 
C7,77 261843 0.00 
C7,78 263117 0.00 
C7,79 318076 0.00 
C7,80 266469 0.00 
C7,81 284875 0.00 
C7,82 254651 0.00 
C7,83 270679 0.00 
C7,84 253443 0.00 
C7,85 263625 0.00 
C7,86 278542 0.00 
C7,87 258035 0.00 
C7,88 282458 0.00 
C7,89 265185 0.00 
C7,90 284795 0.00 
C7,91 273483 0.00 
C7,92 289770 0.00 
C7,93 261702 0.00 
C7,94 270553 0.00 
C7,95 247329 0.00 
C7,96 238330 0.00 
C7,97 237947 0.00 
C7,98 231256 0.00 
C7,99 244252 0.00 
C7,100 283319 0.00 
C8,1 239652 0.00 
C8,2 218799 0.00 
C8,3 259207 0.00 
C8,4 277762 0.00 
C8,5 240479 0.00 
C8,6 237603 0.00 
C8,7 255540 0.00 
C8,8 246471 0.00 
C8,9 229802 0.00 
C8,10 243701 0.00 
C8,11 238387 0.00 
C8,12 236946 0.00 
C8,13 241160 0.00 
C8,14 241387 0.00 
C8,15 255624 0.00 
C8,16 260629 0.00 
C8,17 232320 0.00 
C8,18 282288 0.00 
C8,19 247215 0.00 
C8,20 270857 0.00 
C8,21 234368 0.00 
C8,22 262065 0.00 
C8,23 256868 0.00 
C8,24 238568 0.00 
C8,25 292867 0.00 
C8,26 221278 0.00 
C8,27 252959 0.00 
C8,28 243323 0.00 
C8,29 253893 0.00 
C8,30 265083 0.00 
C8,31 254796 0.00 
C8,32 241814 0.00 
C8,33 264778 0.00 
C8,34 245966 0.00 
C8,35 242511 0.00 
C8,36 254237 0.00 
C8,37 247644 0.00 
C8,38 236469 0.00 
C8,39 254012 0.00 
C8,40 245307 0.00 
C8,41 240196 0.00 
C8,42 245497 0.00 
C8,43 260993 0.00 
C8,44 263409 0.00 
C8,45 263812 0.00 
C8,46 247946 0.00 
C8,47 242187 0.00 
C8,48 220289 0.00 
C8,49 245520 0.00 
C8,50 218320 0.00 
C8,51 229694 0.00 
C8,52 271887 0.00 
C8,53 272411 0.00 
C8,54 257272 0.00 
C8,55 219307 0.00 
C8,56 217317 0.00 
C8,57 251482 0.00 
C8,58 282025 0.00 
C8,59 235777 0.00 
C8,60 263077 0.00 
C8,61 229937 0.00 
C8,62 242897 0.00 
C8,63 276153 0.00 
C8,64 245726 0.00 
C8,65 262761 0.00 
C8,66 273090 0.00 
C8,67 264515 0.00 
C8,68 201762 0.00 
C8,69 252716 0.00 
C8,70 233933 0.00 
C8,71 228175 0.00 
C8,72 267005 0.00 
C8,73 258028 0.00 
C8,74 270377 0.00 
C8,75 217092 0.00 
C8,76 231484 0.00 
C8,77 234372 0.00 
C8,78 281022 0.00 
C8,79 302540 0.00 
C8,80 233660 0.00 
C8,81 272216 0.00 
C8,82 252867 0.00 
C8,83 260860 0.00 
C8,84 244623 0.00 
C8,85 239343 0.00 
C8,86 252152 0.00 
C8,87 244897 0.00 
C8,88 266950 0.00 
C8,89 232685 0.00 
C8,90 270261 0.00 
C8,91 267165 0.00 
C8,92 247972 0.00 
C8,93 245312 0.00 
C8,94 272184 0.00 
C8,95 229014 0.00 
C8,96 225297 0.00 
C8,97 241023 0.00 
C8,98 230388 0.00 
C8,99 236502 0.00 
C8,100 245613 0.00 
C9,1 244840 0.00 
C9,2 227654 0.00 
C9,3 271215 0.00 
C9,4 279909 0.00 
C9,5 236331 0.00 
C9,6 238713 0.00 
C9,7 278613 0.00 
C9,8 247566 0.00 
C9,9 237577 0.00 
C9,10 233634 0.00 
C9,11 241674 0.00 
C9,12 241479 0.00 
C9,13 243811 0.00 
C9,14 253645 0.00 
C9,15 261891 0.00 
C9,16 271211 0.00 
C9,17 234165 0.00 
C9,18 266876 0.00 
C9,19 254421 0.00 
C9,20 284250 0.00 
C9,21 233793 0.00 
C9,22 265073 0.00 
C9,23 254564 0.00 
C9,24 224711 0.00 
C9,25 289200 0.00 
C9,26 230870 0.00 
C9,27 240180 0.00 
C9,28 243252 0.00 
C9,29 241669 0.00 
C9,30 260780 0.00 
C9,31 282036 0.00 
C9,32 229707 0.00 
C9,33 253874 0.00 
C9,34 262305 0.00 
C9,35 245483 0.00 
C9,36 262335 0.00 
C9,37 254642 0.00 
C9,38 240983 0.00 
C9,39 250218 0.00 
C9,40 263563 0.00 
C9,41 252805 0.00 
C9,42 256160 0.00 
C9,43 247360 0.00 
C9,44 278032 0.00 
C9,45 276962 0.00 
C9,46 244812 0.00 
C9,47 247472 0.00 
C9,48 218655 0.00 
C9,49 256401 0.00 
C9,50 240568 0.00 
C9,51 238137 0.00 
C9,52 278611 0.00 
C9,53 290078 0.00 
C9,54 252646 0.00 
C9,55 237024 0.00 
C9,56 222122 0.00 
C9,57 234760 0.00 
C9,58 277172 0.00 
C9,59 230614 0.00 
C9,60 265367 0.00 
C9,61 235800 0.00 
C9,62 238351 0.00 
C9,63 303896 0.00 
C9,64 229709 0.00 
C9,65 267481 0.00 
C9,66 247524 0.00 
C9,67 256867 0.00 
C9,68 188222 0.00 
C9,69 233875 0.00 
C9,70 248745 0.00 
C9,71 224354 0.00 
C9,72 274276 0.00 
C9,73 253833 0.00 
C9,74 263546 0.00 
C9,75 237656 0.00 
C9,76 221525 0.00 
C9,77 232821 0.00 
C9,78 278310 0.00 
C9,79 295157 0.00 
C9,80 241560 0.00 
C9,81 258911 0.00 
C9,82 244362 0.00 
C9,83 260438 0.00 
C9,84 238117 0.00 
C9,85 238011 0.00 
C9,86 258868 0.00 
C9,87 238167 0.00 
C9,88 278468 0.00 
C9,89 229192 0.00 
C9,90 266457 0.00 
C9,91 257518 0.00 
C9,92 265707 0.00 
C9,93 249509 0.00 
C9,94 255330 0.00 
C9,95 241388 0.00 
C9,96 244255 0.00 
C9,97 226608 0.00 
C9,98 228856 0.00 
C9,99 232243 0.00 
C9,100 246053 0.00 
C10,1 238511 0.00 
C10,2 209398 0.00 
C10,3 228406 0.00 
C10,4 258355 0.00 
C10,5 220853 0.00 
C10,6 231263 0.00 
C10,7 264400 0.00 
C10,8 232769 0.00 
C10,9 223109 0.00 
C10,10 205957 0.00 
C10,11 234714 0.00 
C10,12 213916 0.00 
C10,13 240223 0.00 
C10,14 240141 0.00 
C10,15 230282 0.00 
C10,16 239827 0.00 
C10,17 202383 0.00 
C10,18 249301 0.00 
C10,19 240911 0.00 
C10,20 252538 0.00 
C10,21 223089 0.00 
C10,22 241478 0.00 
C10,23 226856 0.00 
C10,24 226280 0.00 
C10,25 265069 0.00 
C10,26 197392 0.00 
C10,27 228721 0.00 
C10,28 233878 0.00 
C10,29 222465 0.00 
C10,30 230965 0.00 
C10,31 263195 0.00 
C10,32 215735 0.00 
C10,33 250484 0.00 
C10,34 240187 0.00 
C10,35 220139 0.00 
C10,36 269436 0.00 
C10,37 230767 0.00 
C10,38 225773 0.00 
C10,39 234436 0.00 
C10,40 235307 0.00 
C10,41 215582 0.00 
C10,42 238291 0.00 
C10,43 219590 0.00 
C10,44 257781 0.00 
C10,45 246775 0.00 
C10,46 222491 0.00 
C10,47 244095 0.00 
C10,48 221946 0.00 
C10,49 233560 0.00 
C10,50 220409 0.00 
C10,51 197842 0.00 
C10,52 242067 0.00 
C10,53 261300 0.00 
C10,54 247474 0.00 
C10,55 212611 0.00 
C10,56 215154 0.00 
C10,57 217303 0.00 
C10,58 245033 0.00 
C10,59 216757 0.00 
C10,60 258021 0.00 
C10,61 226036 0.00 
C10,62 239792 0.00 
C10,63 266823 0.00 
C10,64 242300 0.00 
C10,65 239606 0.00 
C10,66 255676 0.00 
C10,67 220599 0.00 
C10,68 201427 0.00 
C10,69 225527 0.00 
C10,70 219053 0.00 
C10,71 197287 0.00 
C10,72 241019 0.00 
C10,73 219638 0.00 
C10,74 260470 0.00 
C10,75 217798 0.00 
C10,76 202703 0.00 
C10,77 225146 0.00 
C10,78 252085 0.00 
C10,79 258568 0.00 
C10,80 207755 0.00 
C10,81 247437 0.00 
C10,82 232907 0.00 
C10,83 255831 0.00 
C10,84 223317 0.00 
C10,85 236689 0.00 
C10,86 246676 0.00 
C10,87 214829 0.00 
C10,88 266448 0.00 
C10,89 229355 0.00 
C10,90 247968 0.00 
C10,91 238929 0.00 
C10,92 250739 0.00 
C10,93 227022 0.00 
C10,94 256947 0.00 
C10,95 256784 0.00 
C10,96 224481 0.00 
C10,97 225707 0.00 
C10,98 204107 0.00 
C10,99 212550 0.00 
C10,100 239143 0.00 
C11,1 233577 0.00 
C11,2 223684 0.00 
C11,3 245379 0.00 
C11,4 278697 0.00 
C11,5 221923 0.00 
C11,6 245359 0.00 
C11,7 270404 0.00 
C11,8 253747 0.00 
C11,9 243058 0.00 
C11,10 224391 0.00 
C11,11 231184 0.00 
C11,12 236027 0.00 
C11,13 234745 0.00 
C11,14 242339 0.00 
C11,15 244239 0.00 
C11,16 260085 0.00 
C11,17 229625 0.00 
C11,18 273798 0.00 
C11,19 233410 0.00 
C11,20 255235 0.00 
C11,21 240827 0.00 
C11,22 253313 0.00 
C11,23 226353 0.00 
C11,24 220234 0.00 
C11,25 272938 0.00 
C11,26 218743 0.00 
C11,27 234463 0.00 
C11,28 240910 0.00 
C11,29 221893 0.00 
C11,30 243554 0.00 
C11,31 261565 0.00 
C11,32 226562 0.00 
C11,33 259305 0.00 
C11,34 241480 0.00 
C11,35 219705 0.00 
C11,36 273751 0.00 
C11,37 236366 0.00 
C11,38 236575 0.00 
C11,39 240491 0.00 
C11,40 237958 0.00 
C11,41 231694 0.00 
C11,42 242879 0.00 
C11,43 251292 0.00 
C11,44 256315 0.00 
C11,45 263670 0.00 
C11,46 233068 0.00 
C11,47 244935 0.00 
C11,48 211680 0.00 
C11,49 234704 0.00 
C11,50 220992 0.00 
C11,51 233103 0.00 
C11,52 243568 0.00 
C11,53 270407 0.00 
C11,54 253168 0.00 
C11,55 222684 0.00 
C11,56 231693 0.00 
C11,57 219854 0.00 
C11,58 270857 0.00 
C11,59 233174 0.00 
C11,60 257381 0.00 
C11,61 220745 0.00 
C11,62 229666 0.00 
C11,63 263874 0.00 
C11,64 250428 0.00 
C11,65 264485 0.00 
C11,66 269514 0.00 
C11,67 238037 0.00 
C11,68 199820 0.00 
C11,69 250986 0.00 
C11,70 250140 0.00 
C11,71 224190 0.00 
C11,72 259879 0.00 
C11,73 234401 0.00 
C11,74 263091 0.00 
C11,75 201881 0.00 
C11,76 212189 0.00 
C11,77 234894 0.00 
C11,78 265741 0.00 
C11,79 277206 0.00 
C11,80 236183 0.00 
C11,81 259149 0.00 
C11,82 236557 0.00 
C11,83 263957 0.00 
C11,84 230890 0.00 
C11,85 246707 0.00 
C11,86 246570 0.00 
C11,87 249626 0.00 
C11,88 262433 0.00 
C11,89 232596 0.00 
C11,90 258708 0.00 
C11,91 248533 0.00 
C11,92 248083 0.00 
C11,93 228339 0.00 
C11,94 239544 0.00 
C11,95 232930 0.00 
C11,96 224768 0.00 
C11,97 236126 0.00 
C11,98 218234 0.00 
C11,99 233939 0.00 
C11,100 235840 0.00 
C12,1 259925 0.00 
C12,2 234312 0.00 
C12,3 265587 0.00 
C12,4 290854 0.00 
C12,5 240454 0.00 
C12,6 234061 0.00 
C12,7 261873 0.00 
C12,8 251807 0.00 
C12,9 227871 0.00 
C12,10 232726 0.00 
C12,11 262966 0.00 
C12,12 243606 0.00 
C12,13 268026 0.00 
C12,14 259867 0.00 
C12,15 265098 0.00 
C12,16 268308 0.00 
C12,17 247809 0.00 
C12,18 278100 0.00 
C12,19 258164 0.00 
C12,20 279936 0.00 
C12,21 252553 0.00 
C12,22 272567 0.00 
C12,23 242549 0.00 
C12,24 254557 0.00 
C12,25 302889 0.00 
C12,26 228361 0.00 
C12,27 256142 0.00 
C12,28 269004 0.00 
C12,29 256484 0.00 
C12,30 261764 0.00 
C12,31 264389 0.00 
C12,32 243855 0.00 
C12,33 273168 0.00 
C12,34 261412 0.00 
C12,35 255705 0.00 
C12,36 277163 0.00 
C12,37 263776 0.00 
C12,38 242166 0.00 
C12,39 252277 0.00 
C12,40 261974 0.00 
C12,41 239524 0.00 
C12,42 270507 0.00 
C12,43 259975 0.00 
C12,44 271547 0.00 
C12,45 273384 0.00 
C12,46 236828 0.00 
C12,47 261026 0.00 
C12,48 224586 0.00 
C12,49 267515 0.00 
C12,50 235527 0.00 
C12,51 235749 0.00 
C12,52 277473 0.00 
C12,53 268366 0.00 
C12,54 272770 0.00 
C12,55 234346 0.00 
C12,56 241886 0.00 
C12,57 237318 0.00 
C12,58 281218 0.00 
C12,59 256618 0.00 
C12,60 278154 0.00 
C12,61 228549 0.00 
C12,62 260091 0.00 
C12,63 302376 0.00 
C12,64 266056 0.00 
C12,65 272554 0.00 
C12,66 258092 0.00 
C12,67 281568 0.00 
C12,68 211626 0.00 
C12,69 254006 0.00 
C12,70 254953 0.00 
C12,71 233692 0.00 
C12,72 284053 0.00 
C12,73 244768 0.00 
C12,74 286260 0.00 
C12,75 248291 0.00 
C12,76 229738 0.00 
C12,77 247458 0.00 
C12,78 271940 0.00 
C12,79 293826 0.00 
C12,80 245819 0.00 
C12,81 269875 0.00 
C12,82 244503 0.00 
C12,83 267216 0.00 
C12,84 254208 0.00 
C12,85 244779 0.00 
C12,86 270066 0.00 
C12,87 271538 0.00 
C12,88 285520 0.00 
C12,89 248212 0.00 
C12,90 279834 0.00 
C12,91 277049 0.00 
C12,92 266460 0.00 
C12,93 244863 0.00 
C12,94 277487 0.00 
C12,95 265067 0.00 
C12,96 225210 0.00 
C12,97 252533 0.00 
C12,98 252404 0.00 
C12,99 243069 0.00 
C12,100 260910 0.00 
11,74 263091 0.00 
C11,75 201881 0.00 
C11,76 212189 0.00 
C11,77 234894 0.00 
C11,78 265741 0.00 
C11,79 277206 0.00 
C11,80 236183 0.00 
C11,81 259149 0.00 
C11,82 236557 0.00 
C11,83 263957 0.00 
C11,84 230890 0.00 
C11,85 246707 0.00 
C11,86 246570 0.00 
C11,87 249626 0.00 
C11,88 262433 0.00 
C11,89 232596 0.00 
C11,90 258708 0.00 
C11,91 248533 0.00 
C11,92 248083 0.00 
C11,93 228339 0.00 
C11,94 239544 0.00 
C11,95 232930 0.00 
C11,96 224768 0.00 
C11,97 236126 0.00 
C11,98 218234 0.00 
C11,99 233939 0.00 
C11,100 235840 0.00 
C12,1 259925 0.00 
C12,2 234312 0.00 
C12,3 265587 0.00 
C12,4 290854 0.00 
C12,5 240454 0.00 
C12,6 234061 0.00 
C12,7 261873 0.00 
C12,8 251807 0.00 
C12,9 227871 0.00 
C12,10 232726 0.00 
C12,11 262966 0.00 
C12,12 243606 0.00 
C12,13 268026 0.00 
C12,14 259867 0.00 
C12,15 265098 0.00 
C12,16 268308 0.00 
C12,17 247809 0.00 
C12,18 278100 0.00 
C12,19 258164 0.00 
C12,20 279936 0.00 
C12,21 252553 0.00 
C12,22 272567 0.00 
C12,23 242549 0.00 
C12,24 254557 0.00 
C12,25 302889 0.00 
C12,26 228361 0.00 
C12,27 256142 0.00 
C12,28 269004 0.00 
C12,29 256484 0.00 
C12,30 261764 0.00 
C12,31 264389 0.00 
C12,32 243855 0.00 
C12,33 273168 0.00 
C12,34 261412 0.00 
C12,35 255705 0.00 
C12,36 277163 0.00 
C12,37 263776 0.00 
C12,38 242166 0.00 
C12,39 252277 0.00 
C12,40 261974 0.00 
C12,41 239524 0.00 
C12,42 270507 0.00 
C12,43 259975 0.00 
C12,44 271547 0.00 
C12,45 273384 0.00 
C12,46 236828 0.00 
C12,47 261026 0.00 
C12,48 224586 0.00 
C12,49 267515 0.00 
C12,50 235527 0.00 
C12,51 235749 0.00 
C12,52 277473 0.00 
C12,53 268366 0.00 
C12,54 272770 0.00 
C12,55 234346 0.00 
C12,56 241886 0.00 
C12,57 237318 0.00 
C12,58 281218 0.00 
C12,59 256618 0.00 
C12,60 278154 0.00 
C12,61 228549 0.00 
C12,62 260091 0.00 
C12,63 302376 0.00 
C12,64 266056 0.00 
C12,65 272554 0.00 
C12,66 258092 0.00 
C12,67 281568 0.00 
C12,68 211626 0.00 
C12,69 254006 0.00 
C12,70 254953 0.00 
C12,71 233692 0.00 
C12,72 284053 0.00 
C12,73 244768 0.00 
C12,74 286260 0.00 
C12,75 248291 0.00 
C12,76 229738 0.00 
C12,77 247458 0.00 
C12,78 271940 0.00 
C12,79 293826 0.00 
C12,80 245819 0.00 
C12,81 269875 0.00 
C12,82 244503 0.00 
C12,83 267216 0.00 
C12,84 254208 0.00 
C12,85 244779 0.00 
C12,86 270066 0.00 
C12,87 271538 0.00 
C12,88 285520 0.00 
C12,89 248212 0.00 
C12,90 279834 0.00 
C12,91 277049 0.00 
C12,92 266460 0.00 
C12,93 244863 0.00 
C12,94 277487 0.00 
C12,95 265067 0.00 
C12,96 225210 0.00 
C12,97 252533 0.00 
C12,98 252404 0.00 
C12,99 243069 0.00 
C12,100 260910 0.00 
11,74 263091 0.00 
C11,75 201881 0.00 
C11,76 212189 0.00 
C11,77 234894 0.00 
C11,78 265741 0.00 
C11,79 277206 0.00 
C11,80 236183 0.00 
C11,81 259149 0.00 
C11,82 236557 0.00 
C11,83 263957 0.00 
C11,84 230890 0.00 
C11,85 246707 0.00 
C11,86 246570 0.00 
C11,87 249626 0.00 
C11,88 262433 0.00 
C11,89 232596 0.00 
C11,90 258708 0.00 
C11,91 248533 0.00 
C11,92 248083 0.00 
C11,93 228339 0.00 
C11,94 239544 0.00 
C11,95 232930 0.00 
C11,96 224768 0.00 
C11,97 236126 0.00 
C11,98 218234 0.00 
C11,99 233939 0.00 
C11,100 235840 0.00 
C12,1 259925 0.00 
C12,2 234312 0.00 
C12,3 265587 0.00 
C12,4 290854 0.00 
C12,5 240454 0.00 
C12,6 234061 0.00 
C12,7 261873 0.00 
C12,8 251807 0.00 
C12,9 227871 0.00 
C12,10 232726 0.00 
C12,11 262966 0.00 
C12,12 243606 0.00 
C12,13 268026 0.00 
C12,14 259867 0.00 
C12,15 265098 0.00 
C12,16 268308 0.00 
C12,17 247809 0.00 
C12,18 278100 0.00 
C12,19 258164 0.00 
C12,20 279936 0.00 
C12,21 252553 0.00 
C12,22 272567 0.00 
C12,23 242549 0.00 
C12,24 254557 0.00 
C12,25 302889 0.00 
C12,26 228361 0.00 
C12,27 256142 0.00 
C12,28 269004 0.00 
C12,29 256484 0.00 
C12,30 261764 0.00 
C12,31 264389 0.00 
C12,32 243855 0.00 
C12,33 273168 0.00 
C12,34 261412 0.00 
C12,35 255705 0.00 
C12,36 277163 0.00 
C12,37 263776 0.00 
C12,38 242166 0.00 
C12,39 252277 0.00 
C12,40 261974 0.00 
C12,41 239524 0.00 
C12,42 270507 0.00 
C12,43 259975 0.00 
C12,44 271547 0.00 
C12,45 273384 0.00 
C12,46 236828 0.00 
C12,47 261026 0.00 
C12,48 224586 0.00 
C12,49 267515 0.00 
C12,50 235527 0.00 
C12,51 235749 0.00 
C12,52 277473 0.00 
C12,53 268366 0.00 
C12,54 272770 0.00 
C12,55 234346 0.00 
C12,56 241886 0.00 
C12,57 237318 0.00 
C12,58 281218 0.00 
C12,59 256618 0.00 
C12,60 278154 0.00 
C12,61 228549 0.00 
C12,62 260091 0.00 
C12,63 302376 0.00 
C12,64 266056 0.00 
C12,65 272554 0.00 
C12,66 258092 0.00 
C12,67 281568 0.00 
C12,68 211626 0.00 
C12,69 254006 0.00 
C12,70 254953 0.00 
C12,71 233692 0.00 
C12,72 284053 0.00 
C12,73 244768 0.00 
C12,74 286260 0.00 
C12,75 248291 0.00 
C12,76 229738 0.00 
C12,77 247458 0.00 
C12,78 271940 0.00 
C12,79 293826 0.00 
C12,80 245819 0.00 
C12,81 269875 0.00 
C12,82 244503 0.00 
C12,83 267216 0.00 
C12,84 254208 0.00 
C12,85 244779 0.00 
C12,86 270066 0.00 
C12,87 271538 0.00 
C12,88 285520 0.00 
C12,89 248212 0.00 
C12,90 279834 0.00 
C12,91 277049 0.00 
C12,92 266460 0.00 
C12,93 244863 0.00 
C12,94 277487 0.00 
C12,95 265067 0.00 
C12,96 225210 0.00 
C12,97 252533 0.00 
C12,98 252404 0.00 
C12,99 243069 0.00 
C12,100 260910 0.00 
11,74 263091 0.00 
C11,75 201881 0.00 
C11,76 212189 0.00 
C11,77 234894 0.00 
C11,78 265741 0.00 
C11,79 277206 0.00 
C11,80 236183 0.00 
C11,81 259149 0.00 
C11,82 236557 0.00 
C11,83 263957 0.00 
C11,84 230890 0.00 
C11,85 246707 0.00 
C11,86 246570 0.00 
C11,87 249626 0.00 
C11,88 262433 0.00 
C11,89 232596 0.00 
C11,90 258708 0.00 
C11,91 248533 0.00 
C11,92 248083 0.00 
C11,93 228339 0.00 
C11,94 239544 0.00 
C11,95 232930 0.00 
C11,96 224768 0.00 
C11,97 236126 0.00 
C11,98 218234 0.00 
C11,99 233939 0.00 
C11,100 235840 0.00 
C12,1 259925 0.00 
C12,2 234312 0.00 
C12,3 265587 0.00 
C12,4 290854 0.00 
C12,5 240454 0.00 
C12,6 234061 0.00 
C12,7 261873 0.00 
C12,8 251807 0.00 
C12,9 227871 0.00 
C12,10 232726 0.00 
C12,11 262966 0.00 
C12,12 243606 0.00 
C12,13 268026 0.00 
C12,14 259867 0.00 
C12,15 265098 0.00 
C12,16 268308 0.00 
C12,17 247809 0.00 
C12,18 278100 0.00 
C12,19 258164 0.00 
C12,20 279936 0.00 
C12,21 252553 0.00 
C12,22 272567 0.00 
C12,23 242549 0.00 
C12,24 254557 0.00 
C12,25 302889 0.00 
C12,26 228361 0.00 
C12,27 256142 0.00 
C12,28 269004 0.00 
C12,29 256484 0.00 
C12,30 261764 0.00 
C12,31 264389 0.00 
C12,32 243855 0.00 
C12,33 273168 0.00 
C12,34 261412 0.00 
C12,35 255705 0.00 
C12,36 277163 0.00 
C12,37 263776 0.00 
C12,38 242166 0.00 
C12,39 252277 0.00 
C12,40 261974 0.00 
C12,41 239524 0.00 
C12,42 270507 0.00 
C12,43 259975 0.00 
C12,44 271547 0.00 
C12,45 273384 0.00 
C12,46 236828 0.00 
C12,47 261026 0.00 
C12,48 224586 0.00 
C12,49 267515 0.00 
C12,50 235527 0.00 
C12,51 235749 0.00 
C12,52 277473 0.00 
C12,53 268366 0.00 
C12,54 272770 0.00 
C12,55 234346 0.00 
C12,56 241886 0.00 
C12,57 237318 0.00 
C12,58 281218 0.00 
C12,59 256618 0.00 
C12,60 278154 0.00 
C12,61 228549 0.00 
C12,62 260091 0.00 
C12,63 302376 0.00 
C12,64 266056 0.00 
C12,65 272554 0.00 
C12,66 258092 0.00 
C12,67 281568 0.00 
C12,68 211626 0.00 
C12,69 254006 0.00 
C12,70 254953 0.00 
C12,71 233692 0.00 
C12,72 284053 0.00 
C12,73 244768 0.00 
C12,74 286260 0.00 
C12,75 248291 0.00 
C12,76 229738 0.00 
C12,77 247458 0.00 
C12,78 271940 0.00 
C12,79 293826 0.00 
C12,80 245819 0.00 
C12,81 269875 0.00 
C12,82 244503 0.00 
C12,83 267216 0.00 
C12,84 254208 0.00 
C12,85 244779 0.00 
C12,86 270066 0.00 
C12,87 271538 0.00 
C12,88 285520 0.00 
C12,89 248212 0.00 
C12,90 279834 0.00 
C12,91 277049 0.00 
C12,92 266460 0.00 
C12,93 244863 0.00 
C12,94 277487 0.00 
C12,95 265067 0.00 
C12,96 225210 0.00 
C12,97 252533 0.00 
C12,98 252404 0.00 
C12,99 243069 0.00 
C12,100 260910 0.00 
