100 100
C51,1 244473 0.00 
C51,2 213875 0.00 
C51,3 242077 0.00 
C51,4 273302 0.00 
C51,5 221442 0.00 
C51,6 222209 0.00 
C51,7 245872 0.00 
C51,8 243403 0.00 
C51,9 232822 0.00 
C51,10 230570 0.00 
C51,11 231561 0.00 
C51,12 234074 0.00 
C51,13 243004 0.00 
C51,14 242660 0.00 
C51,15 248847 0.00 
C51,16 244266 0.00 
C51,17 225431 0.00 
C51,18 267235 0.00 
C51,19 231709 0.00 
C51,20 257557 0.00 
C51,21 234821 0.00 
C51,22 256425 0.00 
C51,23 226183 0.00 
C51,24 233632 0.00 
C51,25 268693 0.00 
C51,26 201636 0.00 
C51,27 228248 0.00 
C51,28 252224 0.00 
C51,29 236692 0.00 
C51,30 236083 0.00 
C51,31 264303 0.00 
C51,32 219122 0.00 
C51,33 251932 0.00 
C51,34 239719 0.00 
C51,35 245863 0.00 
C51,36 257615 0.00 
C51,37 257179 0.00 
C51,38 236053 0.00 
C51,39 221686 0.00 
C51,40 226994 0.00 
C51,41 222382 0.00 
C51,42 229909 0.00 
C51,43 244738 0.00 
C51,44 263173 0.00 
C51,45 265211 0.00 
C51,46 231669 0.00 
C51,47 241451 0.00 
C51,48 212948 0.00 
C51,49 235611 0.00 
C51,50 226115 0.00 
C51,51 227401 0.00 
C51,52 239606 0.00 
C51,53 261659 0.00 
C51,54 254775 0.00 
C51,55 226067 0.00 
C51,56 231202 0.00 
C51,57 214381 0.00 
C51,58 252193 0.00 
C51,59 221690 0.00 
C51,60 262886 0.00 
C51,61 219432 0.00 
C51,62 235669 0.00 
C51,63 269715 0.00 
C51,64 229234 0.00 
C51,65 266667 0.00 
C51,66 255084 0.00 
C51,67 253899 0.00 
C51,68 190945 0.00 
C51,69 238092 0.00 
C51,70 235796 0.00 
C51,71 228348 0.00 
C51,72 253000 0.00 
C51,73 241675 0.00 
C51,74 253799 0.00 
C51,75 223070 0.00 
C51,76 208921 0.00 
C51,77 225038 0.00 
C51,78 245092 0.00 
C51,79 275321 0.00 
C51,80 233510 0.00 
C51,81 237998 0.00 
C51,82 229902 0.00 
C51,83 253112 0.00 
C51,84 236597 0.00 
C51,85 234322 0.00 
C51,86 267101 0.00 
C51,87 223804 0.00 
C51,88 259710 0.00 
C51,89 250369 0.00 
C51,90 258905 0.00 
C51,91 250016 0.00 
C51,92 262847 0.00 
C51,93 224038 0.00 
C51,94 247720 0.00 
C51,95 241842 0.00 
C51,96 213560 0.00 
C51,97 216764 0.00 
C51,98 217641 0.00 
C51,99 222173 0.00 
C51,100 228296 0.00 
C52,1 223061 0.00 
C52,2 215380 0.00 
C52,3 236133 0.00 
C52,4 250161 0.00 
C52,5 221716 0.00 
C52,6 215442 0.00 
C52,7 245805 0.00 
C52,8 220242 0.00 
C52,9 224778 0.00 
C52,10 203538 0.00 
C52,11 224901 0.00 
C52,12 217876 0.00 
C52,13 221829 0.00 
C52,14 230911 0.00 
C52,15 229751 0.00 
C52,16 245757 0.00 
C52,17 204515 0.00 
C52,18 255162 0.00 
C52,19 220682 0.00 
C52,20 248869 0.00 
C52,21 229719 0.00 
C52,22 248907 0.00 
C52,23 238368 0.00 
C52,24 231415 0.00 
C52,25 262019 0.00 
C52,26 219737 0.00 
C52,27 227080 0.00 
C52,28 232234 0.00 
C52,29 223721 0.00 
C52,30 233046 0.00 
C52,31 240721 0.00 
C52,32 212740 0.00 
C52,33 249002 0.00 
C52,34 224910 0.00 
C52,35 233666 0.00 
C52,36 248785 0.00 
C52,37 226024 0.00 
C52,38 215709 0.00 
C52,39 231457 0.00 
C52,40 244769 0.00 
C52,41 224450 0.00 
C52,42 243403 0.00 
C52,43 236768 0.00 
C52,44 234184 0.00 
C52,45 252616 0.00 
C52,46 209395 0.00 
C52,47 228016 0.00 
C52,48 207770 0.00 
C52,49 219853 0.00 
C52,50 223947 0.00 
C52,51 208626 0.00 
C52,52 247507 0.00 
C52,53 262002 0.00 
C52,54 237101 0.00 
C52,55 205084 0.00 
C52,56 220291 0.00 
C52,57 221067 0.00 
C52,58 249703 0.00 
C52,59 220900 0.00 
C52,60 256396 0.00 
C52,61 226595 0.00 
C52,62 212377 0.00 
C52,63 270082 0.00 
C52,64 253542 0.00 
C52,65 247368 0.00 
C52,66 245197 0.00 
C52,67 236163 0.00 
C52,68 192380 0.00 
C52,69 235351 0.00 
C52,70 234477 0.00 
C52,71 215461 0.00 
C52,72 254519 0.00 
C52,73 222034 0.00 
C52,74 245085 0.00 
C52,75 209846 0.00 
C52,76 194122 0.00 
C52,77 230021 0.00 
C52,78 247106 0.00 
C52,79 267942 0.00 
C52,80 236839 0.00 
C52,81 227611 0.00 
C52,82 231471 0.00 
C52,83 236389 0.00 
C52,84 234096 0.00 
C52,85 227045 0.00 
C52,86 248871 0.00 
C52,87 220400 0.00 
C52,88 258640 0.00 
C52,89 242637 0.00 
C52,90 249189 0.00 
C52,91 236513 0.00 
C52,92 247786 0.00 
C52,93 229975 0.00 
C52,94 245869 0.00 
C52,95 243769 0.00 
C52,96 218376 0.00 
C52,97 221855 0.00 
C52,98 208011 0.00 
C52,99 221756 0.00 
C52,100 230026 0.00 
C53,1 237160 0.00 
C53,2 227222 0.00 
C53,3 264309 0.00 
C53,4 266331 0.00 
C53,5 231661 0.00 
C53,6 248205 0.00 
C53,7 266158 0.00 
C53,8 240561 0.00 
C53,9 239533 0.00 
C53,10 240710 0.00 
C53,11 246085 0.00 
C53,12 248883 0.00 
C53,13 249924 0.00 
C53,14 272648 0.00 
C53,15 257259 0.00 
C53,16 270681 0.00 
C53,17 221596 0.00 
C53,18 292313 0.00 
C53,19 241573 0.00 
C53,20 276896 0.00 
C53,21 249410 0.00 
C53,22 287091 0.00 
C53,23 246196 0.00 
C53,24 237884 0.00 
C53,25 289909 0.00 
C53,26 228153 0.00 
C53,27 232188 0.00 
C53,28 251612 0.00 
C53,29 249348 0.00 
C53,30 272720 0.00 
C53,31 264825 0.00 
C53,32 248564 0.00 
C53,33 244246 0.00 
C53,34 248427 0.00 
C53,35 243289 0.00 
C53,36 275470 0.00 
C53,37 242725 0.00 
C53,38 246862 0.00 
C53,39 255091 0.00 
C53,40 255792 0.00 
C53,41 250396 0.00 
C53,42 258594 0.00 
C53,43 269764 0.00 
C53,44 264583 0.00 
C53,45 288395 0.00 
C53,46 259713 0.00 
C53,47 251741 0.00 
C53,48 234208 0.00 
C53,49 247532 0.00 
C53,50 230308 0.00 
C53,51 235313 0.00 
C53,52 253550 0.00 
C53,53 300294 0.00 
C53,54 254162 0.00 
C53,55 245989 0.00 
C53,56 246158 0.00 
C53,57 234277 0.00 
C53,58 280345 0.00 
C53,59 243263 0.00 
C53,60 260432 0.00 
C53,61 230834 0.00 
C53,62 252839 0.00 
C53,63 289599 0.00 
C53,64 269285 0.00 
C53,65 294069 0.00 
C53,66 268458 0.00 
C53,67 267961 0.00 
C53,68 208832 0.00 
C53,69 254850 0.00 
C53,70 264544 0.00 
C53,71 238167 0.00 
C53,72 273873 0.00 
C53,73 259336 0.00 
C53,74 276887 0.00 
C53,75 233105 0.00 
C53,76 230417 0.00 
C53,77 246714 0.00 
C53,78 284437 0.00 
C53,79 284846 0.00 
C53,80 239683 0.00 
C53,81 276196 0.00 
C53,82 259198 0.00 
C53,83 271466 0.00 
C53,84 230478 0.00 
C53,85 267607 0.00 
C53,86 283331 0.00 
C53,87 258342 0.00 
C53,88 277802 0.00 
C53,89 251192 0.00 
C53,90 254551 0.00 
C53,91 276719 0.00 
C53,92 267742 0.00 
C53,93 254024 0.00 
C53,94 260903 0.00 
C53,95 235750 0.00 
C53,96 227562 0.00 
C53,97 229246 0.00 
C53,98 214420 0.00 
C53,99 243441 0.00 
C53,100 270478 0.00 
C54,1 220379 0.00 
C54,2 203432 0.00 
C54,3 249296 0.00 
C54,4 244089 0.00 
C54,5 215269 0.00 
C54,6 218670 0.00 
C54,7 237733 0.00 
C54,8 215013 0.00 
C54,9 221165 0.00 
C54,10 218029 0.00 
C54,11 215728 0.00 
C54,12 215809 0.00 
C54,13 208261 0.00 
C54,14 209565 0.00 
C54,15 235387 0.00 
C54,16 213020 0.00 
C54,17 226028 0.00 
C54,18 252796 0.00 
C54,19 231062 0.00 
C54,20 257353 0.00 
C54,21 217815 0.00 
C54,22 236412 0.00 
C54,23 231567 0.00 
C54,24 214731 0.00 
C54,25 248448 0.00 
C54,26 213119 0.00 
C54,27 224924 0.00 
C54,28 221847 0.00 
C54,29 229818 0.00 
C54,30 240470 0.00 
C54,31 245655 0.00 
C54,32 210432 0.00 
C54,33 237336 0.00 
C54,34 226610 0.00 
C54,35 217672 0.00 
C54,36 244184 0.00 
C54,37 215521 0.00 
C54,38 213528 0.00 
C54,39 215911 0.00 
C54,40 235819 0.00 
C54,41 224946 0.00 
C54,42 224741 0.00 
C54,43 226104 0.00 
C54,44 241486 0.00 
C54,45 263840 0.00 
C54,46 236889 0.00 
C54,47 228788 0.00 
C54,48 194073 0.00 
C54,49 229828 0.00 
C54,50 203890 0.00 
C54,51 193011 0.00 
C54,52 236422 0.00 
C54,53 242043 0.00 
C54,54 219241 0.00 
C54,55 203612 0.00 
C54,56 201571 0.00 
C54,57 224842 0.00 
C54,58 236967 0.00 
C54,59 218197 0.00 
C54,60 230103 0.00 
C54,61 217451 0.00 
C54,62 230971 0.00 
C54,63 250177 0.00 
C54,64 236205 0.00 
C54,65 248710 0.00 
C54,66 234158 0.00 
C54,67 236146 0.00 
C54,68 186338 0.00 
C54,69 231019 0.00 
C54,70 212978 0.00 
C54,71 206687 0.00 
C54,72 248916 0.00 
C54,73 220718 0.00 
C54,74 246396 0.00 
C54,75 200158 0.00 
C54,76 207957 0.00 
C54,77 228459 0.00 
C54,78 251830 0.00 
C54,79 280541 0.00 
C54,80 212854 0.00 
C54,81 238163 0.00 
C54,82 234663 0.00 
C54,83 233889 0.00 
C54,84 207509 0.00 
C54,85 215181 0.00 
C54,86 231290 0.00 
C54,87 212650 0.00 
C54,88 254801 0.00 
C54,89 214064 0.00 
C54,90 239721 0.00 
C54,91 242670 0.00 
C54,92 242112 0.00 
C54,93 223653 0.00 
C54,94 237618 0.00 
C54,95 221534 0.00 
C54,96 215665 0.00 
C54,97 217790 0.00 
C54,98 206141 0.00 
C54,99 231411 0.00 
C54,100 217287 0.00 
C55,1 250829 0.00 
C55,2 225701 0.00 
C55,3 271020 0.00 
C55,4 283920 0.00 
C55,5 252224 0.00 
C55,6 239571 0.00 
C55,7 277015 0.00 
C55,8 248083 0.00 
C55,9 238400 0.00 
C55,10 242620 0.00 
C55,11 252590 0.00 
C55,12 233443 0.00 
C55,13 257870 0.00 
C55,14 276619 0.00 
C55,15 260058 0.00 
C55,16 275281 0.00 
C55,17 252085 0.00 
C55,18 288795 0.00 
C55,19 260132 0.00 
C55,20 302621 0.00 
C55,21 265441 0.00 
C55,22 276754 0.00 
C55,23 245611 0.00 
C55,24 236522 0.00 
C55,25 309992 0.00 
C55,26 235069 0.00 
C55,27 260388 0.00 
C55,28 268704 0.00 
C55,29 255023 0.00 
C55,30 263396 0.00 
C55,31 291032 0.00 
C55,32 248215 0.00 
C55,33 279018 0.00 
C55,34 269083 0.00 
C55,35 256079 0.00 
C55,36 252780 0.00 
C55,37 272629 0.00 
C55,38 266707 0.00 
C55,39 264437 0.00 
C55,40 256940 0.00 
C55,41 266945 0.00 
C55,42 255463 0.00 
C55,43 267269 0.00 
C55,44 274450 0.00 
C55,45 289928 0.00 
C55,46 263443 0.00 
C55,47 258480 0.00 
C55,48 231930 0.00 
C55,49 258619 0.00 
C55,50 247766 0.00 
C55,51 253729 0.00 
C55,52 263211 0.00 
C55,53 294793 0.00 
C55,54 264071 0.00 
C55,55 247961 0.00 
C55,56 251165 0.00 
C55,57 243990 0.00 
C55,58 287929 0.00 
C55,59 253343 0.00 
C55,60 285278 0.00 
C55,61 251316 0.00 
C55,62 262466 0.00 
C55,63 299276 0.00 
C55,64 279434 0.00 
C55,65 279925 0.00 
C55,66 282854 0.00 
C55,67 276587 0.00 
C55,68 204623 0.00 
C55,69 270763 0.00 
C55,70 276885 0.00 
C55,71 249489 0.00 
C55,72 287482 0.00 
C55,73 256632 0.00 
C55,74 277082 0.00 
C55,75 237213 0.00 
C55,76 245874 0.00 
C55,77 249880 0.00 
C55,78 282600 0.00 
C55,79 311932 0.00 
C55,80 263873 0.00 
C55,81 282782 0.00 
C55,82 264564 0.00 
C55,83 259363 0.00 
C55,84 251978 0.00 
C55,85 265250 0.00 
C55,86 278019 0.00 
C55,87 251506 0.00 
C55,88 301485 0.00 
C55,89 242706 0.00 
C55,90 275652 0.00 
C55,91 278784 0.00 
C55,92 282419 0.00 
C55,93 252027 0.00 
C55,94 275528 0.00 
C55,95 266885 0.00 
C55,96 241177 0.00 
C55,97 248782 0.00 
C55,98 244157 0.00 
C55,99 262339 0.00 
C55,100 277108 0.00 
C56,1 228076 0.00 
C56,2 212328 0.00 
C56,3 254698 0.00 
C56,4 249452 0.00 
C56,5 224731 0.00 
C56,6 221366 0.00 
C56,7 252089 0.00 
C56,8 236176 0.00 
C56,9 228106 0.00 
C56,10 213025 0.00 
C56,11 226486 0.00 
C56,12 229312 0.00 
C56,13 234617 0.00 
C56,14 226122 0.00 
C56,15 250963 0.00 
C56,16 241750 0.00 
C56,17 231414 0.00 
C56,18 262452 0.00 
C56,19 225876 0.00 
C56,20 264432 0.00 
C56,21 224982 0.00 
C56,22 250958 0.00 
C56,23 229787 0.00 
C56,24 232882 0.00 
C56,25 277016 0.00 
C56,26 211398 0.00 
C56,27 230553 0.00 
C56,28 237592 0.00 
C56,29 229716 0.00 
C56,30 248519 0.00 
C56,31 250675 0.00 
C56,32 226345 0.00 
C56,33 233558 0.00 
C56,34 241774 0.00 
C56,35 228925 0.00 
C56,36 244894 0.00 
C56,37 238255 0.00 
C56,38 229822 0.00 
C56,39 238744 0.00 
C56,40 229209 0.00 
C56,41 221014 0.00 
C56,42 221953 0.00 
C56,43 243666 0.00 
C56,44 255294 0.00 
C56,45 256344 0.00 
C56,46 230413 0.00 
C56,47 239059 0.00 
C56,48 207830 0.00 
C56,49 232016 0.00 
C56,50 216751 0.00 
C56,51 229630 0.00 
C56,52 234610 0.00 
C56,53 274832 0.00 
C56,54 239475 0.00 
C56,55 217859 0.00 
C56,56 226536 0.00 
C56,57 214203 0.00 
C56,58 269512 0.00 
C56,59 219831 0.00 
C56,60 244427 0.00 
C56,61 218905 0.00 
C56,62 229874 0.00 
C56,63 261917 0.00 
C56,64 227473 0.00 
C56,65 278311 0.00 
C56,66 250094 0.00 
C56,67 241769 0.00 
C56,68 195464 0.00 
C56,69 246260 0.00 
C56,70 240542 0.00 
C56,71 221739 0.00 
C56,72 266090 0.00 
C56,73 251253 0.00 
C56,74 256096 0.00 
C56,75 219766 0.00 
C56,76 214759 0.00 
C56,77 214873 0.00 
C56,78 257364 0.00 
C56,79 285287 0.00 
C56,80 234414 0.00 
C56,81 245342 0.00 
C56,82 240102 0.00 
C56,83 232372 0.00 
C56,84 217034 0.00 
C56,85 242094 0.00 
C56,86 258292 0.00 
C56,87 230065 0.00 
C56,88 263546 0.00 
C56,89 218448 0.00 
C56,90 255246 0.00 
C56,91 238172 0.00 
C56,92 249596 0.00 
C56,93 228033 0.00 
C56,94 242676 0.00 
C56,95 243004 0.00 
C56,96 220035 0.00 
C56,97 219261 0.00 
C56,98 220635 0.00 
C56,99 233323 0.00 
C56,100 232269 0.00 
C57,1 248158 0.00 
C57,2 228515 0.00 
C57,3 266120 0.00 
C57,4 284835 0.00 
C57,5 229891 0.00 
C57,6 229806 0.00 
C57,7 281856 0.00 
C57,8 243953 0.00 
C57,9 249465 0.00 
C57,10 227917 0.00 
C57,11 267657 0.00 
C57,12 265617 0.00 
C57,13 257119 0.00 
C57,14 250314 0.00 
C57,15 268510 0.00 
C57,16 263817 0.00 
C57,17 250208 0.00 
C57,18 279437 0.00 
C57,19 249296 0.00 
C57,20 281260 0.00 
C57,21 270057 0.00 
C57,22 275403 0.00 
C57,23 244039 0.00 
C57,24 260839 0.00 
C57,25 295662 0.00 
C57,26 233705 0.00 
C57,27 262190 0.00 
C57,28 258703 0.00 
C57,29 255292 0.00 
C57,30 254870 0.00 
C57,31 266441 0.00 
C57,32 245388 0.00 
C57,33 284368 0.00 
C57,34 260186 0.00 
C57,35 239884 0.00 
C57,36 270746 0.00 
C57,37 253472 0.00 
C57,38 239548 0.00 
C57,39 262788 0.00 
C57,40 257556 0.00 
C57,41 256832 0.00 
C57,42 259410 0.00 
C57,43 262000 0.00 
C57,44 279118 0.00 
C57,45 278272 0.00 
C57,46 257314 0.00 
C57,47 249522 0.00 
C57,48 228266 0.00 
C57,49 258199 0.00 
C57,50 233383 0.00 
C57,51 251208 0.00 
C57,52 264513 0.00 
C57,53 270739 0.00 
C57,54 274441 0.00 
C57,55 238837 0.00 
C57,56 233285 0.00 
C57,57 233290 0.00 
C57,58 278916 0.00 
C57,59 236995 0.00 
C57,60 260576 0.00 
C57,61 242259 0.00 
C57,62 241891 0.00 
C57,63 277394 0.00 
C57,64 266448 0.00 
C57,65 274101 0.00 
C57,66 267563 0.00 
C57,67 256369 0.00 
C57,68 214334 0.00 
C57,69 247466 0.00 
C57,70 273174 0.00 
C57,71 231263 0.00 
C57,72 287627 0.00 
C57,73 261635 0.00 
C57,74 261085 0.00 
C57,75 254388 0.00 
C57,76 225896 0.00 
C57,77 257167 0.00 
C57,78 284493 0.00 
C57,79 297203 0.00 
C57,80 239160 0.00 
C57,81 276768 0.00 
C57,82 255566 0.00 
C57,83 251627 0.00 
C57,84 242331 0.00 
C57,85 263943 0.00 
C57,86 272108 0.00 
C57,87 260110 0.00 
C57,88 268361 0.00 
C57,89 242914 0.00 
C57,90 283465 0.00 
C57,91 278199 0.00 
C57,92 262682 0.00 
C57,93 251455 0.00 
C57,94 273011 0.00 
C57,95 270510 0.00 
C57,96 235391 0.00 
C57,97 250488 0.00 
C57,98 249157 0.00 
C57,99 262263 0.00 
C57,100 250435 0.00 
C58,1 262676 0.00 
C58,2 247406 0.00 
C58,3 268317 0.00 
C58,4 295880 0.00 
C58,5 253353 0.00 
C58,6 249719 0.00 
C58,7 280803 0.00 
C58,8 231787 0.00 
C58,9 246205 0.00 
C58,10 228789 0.00 
C58,11 254735 0.00 
C58,12 233453 0.00 
C58,13 267292 0.00 
C58,14 252428 0.00 
C58,15 264354 0.00 
C58,16 259213 0.00 
C58,17 246916 0.00 
C58,18 295913 0.00 
C58,19 255718 0.00 
C58,20 287323 0.00 
C58,21 257603 0.00 
C58,22 287965 0.00 
C58,23 260475 0.00 
C58,24 246417 0.00 
C58,25 296588 0.00 
C58,26 236973 0.00 
C58,27 261790 0.00 
C58,28 266734 0.00 
C58,29 242505 0.00 
C58,30 258812 0.00 
C58,31 283058 0.00 
C58,32 248534 0.00 
C58,33 265686 0.00 
C58,34 250384 0.00 
C58,35 243228 0.00 
C58,36 279032 0.00 
C58,37 264693 0.00 
C58,38 250795 0.00 
C58,39 249912 0.00 
C58,40 255056 0.00 
C58,41 257011 0.00 
C58,42 269435 0.00 
C58,43 267592 0.00 
C58,44 270805 0.00 
C58,45 277417 0.00 
C58,46 246788 0.00 
C58,47 256863 0.00 
C58,48 225447 0.00 
C58,49 241192 0.00 
C58,50 235705 0.00 
C58,51 236135 0.00 
C58,52 255292 0.00 
C58,53 293788 0.00 
C58,54 271510 0.00 
C58,55 235405 0.00 
C58,56 255602 0.00 
C58,57 244508 0.00 
C58,58 280680 0.00 
C58,59 251510 0.00 
C58,60 286985 0.00 
C58,61 242038 0.00 
C58,62 254423 0.00 
C58,63 297097 0.00 
C58,64 279041 0.00 
C58,65 269120 0.00 
C58,66 272395 0.00 
C58,67 271413 0.00 
C58,68 203925 0.00 
C58,69 250811 0.00 
C58,70 251461 0.00 
C58,71 233559 0.00 
C58,72 292303 0.00 
C58,73 250262 0.00 
C58,74 271372 0.00 
C58,75 229661 0.00 
C58,76 250237 0.00 
C58,77 249146 0.00 
C58,78 288165 0.00 
C58,79 294717 0.00 
C58,80 250154 0.00 
C58,81 269126 0.00 
C58,82 248108 0.00 
C58,83 263705 0.00 
C58,84 232927 0.00 
C58,85 271821 0.00 
C58,86 293826 0.00 
C58,87 252904 0.00 
C58,88 273023 0.00 
C58,89 247067 0.00 
C58,90 281362 0.00 
C58,91 271250 0.00 
C58,92 264031 0.00 
C58,93 245197 0.00 
C58,94 286543 0.00 
C58,95 253095 0.00 
C58,96 261514 0.00 
C58,97 241833 0.00 
C58,98 242990 0.00 
C58,99 252671 0.00 
C58,100 260176 0.00 
C59,1 245054 0.00 
C59,2 226484 0.00 
C59,3 237219 0.00 
C59,4 286399 0.00 
C59,5 237848 0.00 
C59,6 238424 0.00 
C59,7 282968 0.00 
C59,8 239337 0.00 
C59,9 242059 0.00 
C59,10 233993 0.00 
C59,11 234139 0.00 
C59,12 226909 0.00 
C59,13 258432 0.00 
C59,14 249323 0.00 
C59,15 252643 0.00 
C59,16 249568 0.00 
C59,17 221850 0.00 
C59,18 259809 0.00 
C59,19 252529 0.00 
C59,20 285327 0.00 
C59,21 245933 0.00 
C59,22 262956 0.00 
C59,23 236971 0.00 
C59,24 231129 0.00 
C59,25 291577 0.00 
C59,26 201125 0.00 
C59,27 234524 0.00 
C59,28 250978 0.00 
C59,29 248818 0.00 
C59,30 240015 0.00 
C59,31 274022 0.00 
C59,32 236519 0.00 
C59,33 256427 0.00 
C59,34 263882 0.00 
C59,35 231373 0.00 
C59,36 263756 0.00 
C59,37 255066 0.00 
C59,38 248551 0.00 
C59,39 233176 0.00 
C59,40 250418 0.00 
C59,41 232114 0.00 
C59,42 252312 0.00 
C59,43 261413 0.00 
C59,44 256317 0.00 
C59,45 258430 0.00 
C59,46 234796 0.00 
C59,47 240224 0.00 
C59,48 229439 0.00 
C59,49 243845 0.00 
C59,50 236324 0.00 
C59,51 212163 0.00 
C59,52 254377 0.00 
C59,53 279286 0.00 
C59,54 255233 0.00 
C59,55 212970 0.00 
C59,56 227835 0.00 
C59,57 225174 0.00 
C59,58 266124 0.00 
C59,59 241784 0.00 
C59,60 261285 0.00 
C59,61 228099 0.00 
C59,62 256880 0.00 
C59,63 285251 0.00 
C59,64 252795 0.00 
C59,65 256924 0.00 
C59,66 265445 0.00 
C59,67 245019 0.00 
C59,68 200702 0.00 
C59,69 250825 0.00 
C59,70 244105 0.00 
C59,71 218154 0.00 
C59,72 254871 0.00 
C59,73 234434 0.00 
C59,74 250301 0.00 
C59,75 228161 0.00 
C59,76 223981 0.00 
C59,77 234636 0.00 
C59,78 251392 0.00 
C59,79 279453 0.00 
C59,80 240751 0.00 
C59,81 270852 0.00 
C59,82 225219 0.00 
C59,83 248092 0.00 
C59,84 225053 0.00 
C59,85 258422 0.00 
C59,86 265224 0.00 
C59,87 226860 0.00 
C59,88 268548 0.00 
C59,89 230826 0.00 
C59,90 271214 0.00 
C59,91 252236 0.00 
C59,92 257979 0.00 
C59,93 235307 0.00 
C59,94 274305 0.00 
C59,95 257350 0.00 
C59,96 227254 0.00 
C59,97 236036 0.00 
C59,98 241451 0.00 
C59,99 232246 0.00 
C59,100 242464 0.00 
C60,1 260159 0.00 
C60,2 266312 0.00 
C60,3 298766 0.00 
C60,4 293972 0.00 
C60,5 258277 0.00 
C60,6 264976 0.00 
C60,7 282842 0.00 
C60,8 269033 0.00 
C60,9 265471 0.00 
C60,10 264815 0.00 
C60,11 262513 0.00 
C60,12 248805 0.00 
C60,13 279661 0.00 
C60,14 265247 0.00 
C60,15 272990 0.00 
C60,16 289068 0.00 
C60,17 256078 0.00 
C60,18 310228 0.00 
C60,19 276302 0.00 
C60,20 305998 0.00 
C60,21 279873 0.00 
C60,22 291522 0.00 
C60,23 274396 0.00 
C60,24 271064 0.00 
C60,25 307524 0.00 
C60,26 256573 0.00 
C60,27 254295 0.00 
C60,28 274566 0.00 
C60,29 259386 0.00 
C60,30 268542 0.00 
C60,31 289421 0.00 
C60,32 258250 0.00 
C60,33 274072 0.00 
C60,34 272802 0.00 
C60,35 268270 0.00 
C60,36 292458 0.00 
C60,37 264965 0.00 
C60,38 251596 0.00 
C60,39 272128 0.00 
C60,40 280122 0.00 
C60,41 275785 0.00 
C60,42 278110 0.00 
C60,43 251678 0.00 
C60,44 273874 0.00 
C60,45 307317 0.00 
C60,46 257896 0.00 
C60,47 271270 0.00 
C60,48 240227 0.00 
C60,49 268428 0.00 
C60,50 263873 0.00 
C60,51 268516 0.00 
C60,52 282850 0.00 
C60,53 319322 0.00 
C60,54 271820 0.00 
C60,55 267870 0.00 
C60,56 258063 0.00 
C60,57 236326 0.00 
C60,58 302251 0.00 
C60,59 241403 0.00 
C60,60 289578 0.00 
C60,61 256168 0.00 
C60,62 262685 0.00 
C60,63 302467 0.00 
C60,64 267049 0.00 
C60,65 306103 0.00 
C60,66 288191 0.00 
C60,67 279686 0.00 
C60,68 223215 0.00 
C60,69 254529 0.00 
C60,70 277870 0.00 
C60,71 253431 0.00 
C60,72 302488 0.00 
C60,73 259329 0.00 
C60,74 290599 0.00 
C60,75 252656 0.00 
C60,76 245964 0.00 
C60,77 263934 0.00 
C60,78 305277 0.00 
C60,79 316527 0.00 
C60,80 259458 0.00 
C60,81 280716 0.00 
C60,82 269687 0.00 
C60,83 277269 0.00 
C60,84 259376 0.00 
C60,85 285767 0.00 
C60,86 287099 0.00 
C60,87 260171 0.00 
C60,88 301286 0.00 
C60,89 267584 0.00 
C60,90 298979 0.00 
C60,91 284054 0.00 
C60,92 282566 0.00 
C60,93 271476 0.00 
C60,94 277786 0.00 
C60,95 279209 0.00 
C60,96 268820 0.00 
C60,97 253440 0.00 
C60,98 252748 0.00 
C60,99 259382 0.00 
C60,100 271024 0.00 
C61,1 243188 0.00 
C61,2 239889 0.00 
C61,3 270499 0.00 
C61,4 291509 0.00 
C61,5 253769 0.00 
C61,6 248641 0.00 
C61,7 281968 0.00 
C61,8 247607 0.00 
C61,9 236786 0.00 
C61,10 240394 0.00 
C61,11 251150 0.00 
C61,12 253420 0.00 
C61,13 245550 0.00 
C61,14 263209 0.00 
C61,15 258127 0.00 
C61,16 276452 0.00 
C61,17 237196 0.00 
C61,18 288822 0.00 
C61,19 248412 0.00 
C61,20 281984 0.00 
C61,21 244202 0.00 
C61,22 257634 0.00 
C61,23 251504 0.00 
C61,24 235106 0.00 
C61,25 305236 0.00 
C61,26 225146 0.00 
C61,27 240526 0.00 
C61,28 264829 0.00 
C61,29 238467 0.00 
C61,30 256892 0.00 
C61,31 272545 0.00 
C61,32 247948 0.00 
C61,33 258467 0.00 
C61,34 252198 0.00 
C61,35 243774 0.00 
C61,36 284221 0.00 
C61,37 255248 0.00 
C61,38 255430 0.00 
C61,39 258732 0.00 
C61,40 243749 0.00 
C61,41 246463 0.00 
C61,42 259626 0.00 
C61,43 263871 0.00 
C61,44 273105 0.00 
C61,45 280517 0.00 
C61,46 260890 0.00 
C61,47 257967 0.00 
C61,48 236828 0.00 
C61,49 246602 0.00 
C61,50 235001 0.00 
C61,51 254110 0.00 
C61,52 263710 0.00 
C61,53 286864 0.00 
C61,54 263607 0.00 
C61,55 238448 0.00 
C61,56 246935 0.00 
C61,57 235040 0.00 
C61,58 290547 0.00 
C61,59 258141 0.00 
C61,60 277250 0.00 
C61,61 237596 0.00 
C61,62 251930 0.00 
C61,63 281229 0.00 
C61,64 266178 0.00 
C61,65 287563 0.00 
C61,66 268859 0.00 
C61,67 273449 0.00 
C61,68 208253 0.00 
C61,69 270429 0.00 
C61,70 256260 0.00 
C61,71 248043 0.00 
C61,72 286480 0.00 
C61,73 258080 0.00 
C61,74 265987 0.00 
C61,75 231209 0.00 
C61,76 235997 0.00 
C61,77 250213 0.00 
C61,78 269266 0.00 
C61,79 290569 0.00 
C61,80 233141 0.00 
C61,81 266102 0.00 
C61,82 257671 0.00 
C61,83 263528 0.00 
C61,84 242714 0.00 
C61,85 253635 0.00 
C61,86 271307 0.00 
C61,87 251309 0.00 
C61,88 292796 0.00 
C61,89 264528 0.00 
C61,90 269231 0.00 
C61,91 263668 0.00 
C61,92 269121 0.00 
C61,93 235442 0.00 
C61,94 260792 0.00 
C61,95 251666 0.00 
C61,96 231594 0.00 
C61,97 240650 0.00 
C61,98 222815 0.00 
C61,99 262481 0.00 
C61,100 265827 0.00 
C62,1 263183 0.00 
C62,2 237098 0.00 
C62,3 276843 0.00 
C62,4 282402 0.00 
C62,5 249439 0.00 
C62,6 252435 0.00 
C62,7 279773 0.00 
C62,8 258598 0.00 
C62,9 261748 0.00 
C62,10 252876 0.00 
C62,11 258047 0.00 
C62,12 242422 0.00 
C62,13 260567 0.00 
C62,14 249135 0.00 
C62,15 268057 0.00 
C62,16 269571 0.00 
C62,17 230038 0.00 
C62,18 274551 0.00 
C62,19 265346 0.00 
C62,20 295967 0.00 
C62,21 249826 0.00 
C62,22 273322 0.00 
C62,23 269601 0.00 
C62,24 258525 0.00 
C62,25 303085 0.00 
C62,26 240870 0.00 
C62,27 265624 0.00 
C62,28 261837 0.00 
C62,29 270623 0.00 
C62,30 268901 0.00 
C62,31 294866 0.00 
C62,32 250831 0.00 
C62,33 273851 0.00 
C62,34 264341 0.00 
C62,35 259912 0.00 
C62,36 278236 0.00 
C62,37 259270 0.00 
C62,38 248249 0.00 
C62,39 249531 0.00 
C62,40 277882 0.00 
C62,41 252611 0.00 
C62,42 275257 0.00 
C62,43 259566 0.00 
C62,44 274587 0.00 
C62,45 291048 0.00 
C62,46 258716 0.00 
C62,47 272378 0.00 
C62,48 236960 0.00 
C62,49 259975 0.00 
C62,50 241755 0.00 
C62,51 228482 0.00 
C62,52 288211 0.00 
C62,53 284222 0.00 
C62,54 275509 0.00 
C62,55 249747 0.00 
C62,56 245989 0.00 
C62,57 252938 0.00 
C62,58 286222 0.00 
C62,59 248156 0.00 
C62,60 269892 0.00 
C62,61 247330 0.00 
C62,62 265980 0.00 
C62,63 294642 0.00 
C62,64 284128 0.00 
C62,65 280984 0.00 
C62,66 279828 0.00 
C62,67 267449 0.00 
C62,68 215260 0.00 
C62,69 264284 0.00 
C62,70 250103 0.00 
C62,71 228148 0.00 
C62,72 284882 0.00 
C62,73 269817 0.00 
C62,74 283048 0.00 
C62,75 248790 0.00 
C62,76 234151 0.00 
C62,77 247835 0.00 
C62,78 289547 0.00 
C62,79 305257 0.00 
C62,80 249804 0.00 
C62,81 280232 0.00 
C62,82 259441 0.00 
C62,83 260941 0.00 
C62,84 263675 0.00 
C62,85 252022 0.00 
C62,86 274396 0.00 
C62,87 247256 0.00 
C62,88 284108 0.00 
C62,89 264328 0.00 
C62,90 296732 0.00 
C62,91 274538 0.00 
C62,92 291076 0.00 
C62,93 268611 0.00 
C62,94 284264 0.00 
C62,95 267746 0.00 
C62,96 237386 0.00 
C62,97 244032 0.00 
C62,98 256328 0.00 
C62,99 263369 0.00 
C62,100 259171 0.00 
61,29 238467 0.00 
C61,30 256892 0.00 
C61,31 272545 0.00 
C61,32 247948 0.00 
C61,33 258467 0.00 
C61,34 252198 0.00 
C61,35 243774 0.00 
C61,36 284221 0.00 
C61,37 255248 0.00 
C61,38 255430 0.00 
C61,39 258732 0.00 
C61,40 243749 0.00 
C61,41 246463 0.00 
C61,42 259626 0.00 
C61,43 263871 0.00 
C61,44 273105 0.00 
C61,45 280517 0.00 
C61,46 260890 0.00 
C61,47 257967 0.00 
C61,48 236828 0.00 
C61,49 246602 0.00 
C61,50 235001 0.00 
C61,51 254110 0.00 
C61,52 263710 0.00 
C61,53 286864 0.00 
C61,54 263607 0.00 
C61,55 238448 0.00 
C61,56 246935 0.00 
C61,57 235040 0.00 
C61,58 290547 0.00 
C61,59 258141 0.00 
C61,60 277250 0.00 
C61,61 237596 0.00 
C61,62 251930 0.00 
C61,63 281229 0.00 
C61,64 266178 0.00 
C61,65 287563 0.00 
C61,66 268859 0.00 
C61,67 273449 0.00 
C61,68 208253 0.00 
C61,69 270429 0.00 
C61,70 256260 0.00 
C61,71 248043 0.00 
C61,72 286480 0.00 
C61,73 258080 0.00 
C61,74 265987 0.00 
C61,75 231209 0.00 
C61,76 235997 0.00 
C61,77 250213 0.00 
C61,78 269266 0.00 
C61,79 290569 0.00 
C61,80 233141 0.00 
C61,81 266102 0.00 
C61,82 257671 0.00 
C61,83 263528 0.00 
C61,84 242714 0.00 
C61,85 253635 0.00 
C61,86 271307 0.00 
C61,87 251309 0.00 
C61,88 292796 0.00 
C61,89 264528 0.00 
C61,90 269231 0.00 
C61,91 263668 0.00 
C61,92 269121 0.00 
C61,93 235442 0.00 
C61,94 260792 0.00 
C61,95 251666 0.00 
C61,96 231594 0.00 
C61,97 240650 0.00 
C61,98 222815 0.00 
C61,99 262481 0.00 
C61,100 265827 0.00 
C62,1 263183 0.00 
C62,2 237098 0.00 
C62,3 276843 0.00 
C62,4 282402 0.00 
C62,5 249439 0.00 
C62,6 252435 0.00 
C62,7 279773 0.00 
C62,8 258598 0.00 
C62,9 261748 0.00 
C62,10 252876 0.00 
C62,11 258047 0.00 
C62,12 242422 0.00 
C62,13 260567 0.00 
C62,14 249135 0.00 
C62,15 268057 0.00 
C62,16 269571 0.00 
C62,17 230038 0.00 
C62,18 274551 0.00 
C62,19 265346 0.00 
C62,20 295967 0.00 
C62,21 249826 0.00 
C62,22 273322 0.00 
C62,23 269601 0.00 
C62,24 258525 0.00 
C62,25 303085 0.00 
C62,26 240870 0.00 
C62,27 265624 0.00 
C62,28 261837 0.00 
C62,29 270623 0.00 
C62,30 268901 0.00 
C62,31 294866 0.00 
C62,32 250831 0.00 
C62,33 273851 0.00 
C62,34 264341 0.00 
C62,35 259912 0.00 
C62,36 278236 0.00 
C62,37 259270 0.00 
C62,38 248249 0.00 
C62,39 249531 0.00 
C62,40 277882 0.00 
C62,41 252611 0.00 
C62,42 275257 0.00 
C62,43 259566 0.00 
C62,44 274587 0.00 
C62,45 291048 0.00 
C62,46 258716 0.00 
C62,47 272378 0.00 
C62,48 236960 0.00 
C62,49 259975 0.00 
C62,50 241755 0.00 
C62,51 228482 0.00 
C62,52 288211 0.00 
C62,53 284222 0.00 
C62,54 275509 0.00 
C62,55 249747 0.00 
C62,56 245989 0.00 
C62,57 252938 0.00 
C62,58 286222 0.00 
C62,59 248156 0.00 
C62,60 269892 0.00 
C62,61 247330 0.00 
C62,62 265980 0.00 
C62,63 294642 0.00 
C62,64 284128 0.00 
C62,65 280984 0.00 
C62,66 279828 0.00 
C62,67 267449 0.00 
C62,68 215260 0.00 
C62,69 264284 0.00 
C62,70 250103 0.00 
C62,71 228148 0.00 
C62,72 284882 0.00 
C62,73 269817 0.00 
C62,74 283048 0.00 
C62,75 248790 0.00 
C62,76 234151 0.00 
C62,77 247835 0.00 
C62,78 289547 0.00 
C62,79 305257 0.00 
C62,80 249804 0.00 
C62,81 280232 0.00 
C62,82 259441 0.00 
C62,83 260941 0.00 
C62,84 263675 0.00 
C62,85 252022 0.00 
C62,86 274396 0.00 
C62,87 247256 0.00 
C62,88 284108 0.00 
C62,89 264328 0.00 
C62,90 296732 0.00 
C62,91 274538 0.00 
C62,92 291076 0.00 
C62,93 268611 0.00 
C62,94 284264 0.00 
C62,95 267746 0.00 
C62,96 237386 0.00 
C62,97 244032 0.00 
C62,98 256328 0.00 
C62,99 263369 0.00 
C62,100 259171 0.00 
