100 100
C88,1 210142 0.00 
C88,2 194878 0.00 
C88,3 225028 0.00 
C88,4 242658 0.00 
C88,5 210600 0.00 
C88,6 210466 0.00 
C88,7 232093 0.00 
C88,8 212757 0.00 
C88,9 213294 0.00 
C88,10 206673 0.00 
C88,11 212619 0.00 
C88,12 208820 0.00 
C88,13 206593 0.00 
C88,14 212834 0.00 
C88,15 233809 0.00 
C88,16 228788 0.00 
C88,17 218492 0.00 
C88,18 244274 0.00 
C88,19 223739 0.00 
C88,20 245610 0.00 
C88,21 227459 0.00 
C88,22 225947 0.00 
C88,23 215462 0.00 
C88,24 214027 0.00 
C88,25 251341 0.00 
C88,26 203575 0.00 
C88,27 214224 0.00 
C88,28 221658 0.00 
C88,29 206902 0.00 
C88,30 226877 0.00 
C88,31 242343 0.00 
C88,32 209763 0.00 
C88,33 226793 0.00 
C88,34 234054 0.00 
C88,35 206356 0.00 
C88,36 244536 0.00 
C88,37 237949 0.00 
C88,38 209387 0.00 
C88,39 214343 0.00 
C88,40 230319 0.00 
C88,41 213610 0.00 
C88,42 218573 0.00 
C88,43 228014 0.00 
C88,44 241813 0.00 
C88,45 234770 0.00 
C88,46 212643 0.00 
C88,47 226056 0.00 
C88,48 197332 0.00 
C88,49 217944 0.00 
C88,50 192576 0.00 
C88,51 204610 0.00 
C88,52 239002 0.00 
C88,53 246177 0.00 
C88,54 223235 0.00 
C88,55 206097 0.00 
C88,56 217513 0.00 
C88,57 198886 0.00 
C88,58 241666 0.00 
C88,59 213692 0.00 
C88,60 234722 0.00 
C88,61 205697 0.00 
C88,62 223254 0.00 
C88,63 253412 0.00 
C88,64 232633 0.00 
C88,65 236669 0.00 
C88,66 247909 0.00 
C88,67 227295 0.00 
C88,68 182353 0.00 
C88,69 218074 0.00 
C88,70 222868 0.00 
C88,71 203813 0.00 
C88,72 239558 0.00 
C88,73 213003 0.00 
C88,74 233661 0.00 
C88,75 194403 0.00 
C88,76 202504 0.00 
C88,77 203522 0.00 
C88,78 243860 0.00 
C88,79 253174 0.00 
C88,80 204869 0.00 
C88,81 240413 0.00 
C88,82 214078 0.00 
C88,83 213133 0.00 
C88,84 198272 0.00 
C88,85 237091 0.00 
C88,86 249466 0.00 
C88,87 211860 0.00 
C88,88 257812 0.00 
C88,89 204610 0.00 
C88,90 242849 0.00 
C88,91 224183 0.00 
C88,92 230755 0.00 
C88,93 214726 0.00 
C88,94 215521 0.00 
C88,95 222367 0.00 
C88,96 197681 0.00 
C88,97 229564 0.00 
C88,98 212353 0.00 
C88,99 225801 0.00 
C88,100 208181 0.00 
C89,1 246202 0.00 
C89,2 246035 0.00 
C89,3 269174 0.00 
C89,4 301962 0.00 
C89,5 256467 0.00 
C89,6 258460 0.00 
C89,7 302761 0.00 
C89,8 244642 0.00 
C89,9 250917 0.00 
C89,10 236140 0.00 
C89,11 243239 0.00 
C89,12 256030 0.00 
C89,13 259289 0.00 
C89,14 258216 0.00 
C89,15 266357 0.00 
C89,16 277803 0.00 
C89,17 239680 0.00 
C89,18 284770 0.00 
C89,19 263497 0.00 
C89,20 306198 0.00 
C89,21 271579 0.00 
C89,22 275455 0.00 
C89,23 264775 0.00 
C89,24 252307 0.00 
C89,25 272970 0.00 
C89,26 222639 0.00 
C89,27 250782 0.00 
C89,28 258030 0.00 
C89,29 257770 0.00 
C89,30 257087 0.00 
C89,31 291973 0.00 
C89,32 261299 0.00 
C89,33 273879 0.00 
C89,34 248374 0.00 
C89,35 245158 0.00 
C89,36 283181 0.00 
C89,37 248774 0.00 
C89,38 250266 0.00 
C89,39 264919 0.00 
C89,40 252719 0.00 
C89,41 251326 0.00 
C89,42 271308 0.00 
C89,43 259642 0.00 
C89,44 271780 0.00 
C89,45 280719 0.00 
C89,46 253969 0.00 
C89,47 245569 0.00 
C89,48 236773 0.00 
C89,49 245663 0.00 
C89,50 249044 0.00 
C89,51 243795 0.00 
C89,52 277910 0.00 
C89,53 280889 0.00 
C89,54 265744 0.00 
C89,55 245969 0.00 
C89,56 240069 0.00 
C89,57 234307 0.00 
C89,58 282549 0.00 
C89,59 228633 0.00 
C89,60 261934 0.00 
C89,61 257984 0.00 
C89,62 264488 0.00 
C89,63 280439 0.00 
C89,64 241815 0.00 
C89,65 271439 0.00 
C89,66 272158 0.00 
C89,67 267876 0.00 
C89,68 199504 0.00 
C89,69 245014 0.00 
C89,70 260854 0.00 
C89,71 243036 0.00 
C89,72 282078 0.00 
C89,73 261330 0.00 
C89,74 263825 0.00 
C89,75 239558 0.00 
C89,76 217458 0.00 
C89,77 269355 0.00 
C89,78 280111 0.00 
C89,79 288088 0.00 
C89,80 253836 0.00 
C89,81 274266 0.00 
C89,82 258413 0.00 
C89,83 280659 0.00 
C89,84 242610 0.00 
C89,85 256017 0.00 
C89,86 262270 0.00 
C89,87 242847 0.00 
C89,88 267555 0.00 
C89,89 254851 0.00 
C89,90 277672 0.00 
C89,91 255566 0.00 
C89,92 267558 0.00 
C89,93 248210 0.00 
C89,94 271769 0.00 
C89,95 253443 0.00 
C89,96 239100 0.00 
C89,97 239445 0.00 
C89,98 242968 0.00 
C89,99 256280 0.00 
C89,100 258402 0.00 
C90,1 233585 0.00 
C90,2 204660 0.00 
C90,3 247952 0.00 
C90,4 252827 0.00 
C90,5 213219 0.00 
C90,6 225084 0.00 
C90,7 241572 0.00 
C90,8 227729 0.00 
C90,9 225967 0.00 
C90,10 215912 0.00 
C90,11 229680 0.00 
C90,12 225563 0.00 
C90,13 213087 0.00 
C90,14 222784 0.00 
C90,15 243543 0.00 
C90,16 227438 0.00 
C90,17 235020 0.00 
C90,18 262782 0.00 
C90,19 226306 0.00 
C90,20 255778 0.00 
C90,21 237560 0.00 
C90,22 246801 0.00 
C90,23 227870 0.00 
C90,24 222585 0.00 
C90,25 271396 0.00 
C90,26 203845 0.00 
C90,27 219150 0.00 
C90,28 244093 0.00 
C90,29 222086 0.00 
C90,30 239944 0.00 
C90,31 235420 0.00 
C90,32 225114 0.00 
C90,33 237515 0.00 
C90,34 234197 0.00 
C90,35 214721 0.00 
C90,36 245992 0.00 
C90,37 239905 0.00 
C90,38 224959 0.00 
C90,39 222344 0.00 
C90,40 216810 0.00 
C90,41 221782 0.00 
C90,42 203240 0.00 
C90,43 230152 0.00 
C90,44 240234 0.00 
C90,45 263616 0.00 
C90,46 243280 0.00 
C90,47 229421 0.00 
C90,48 219065 0.00 
C90,49 231063 0.00 
C90,50 214125 0.00 
C90,51 225550 0.00 
C90,52 221527 0.00 
C90,53 261010 0.00 
C90,54 252271 0.00 
C90,55 234740 0.00 
C90,56 232476 0.00 
C90,57 207104 0.00 
C90,58 262714 0.00 
C90,59 216634 0.00 
C90,60 237004 0.00 
C90,61 227485 0.00 
C90,62 222057 0.00 
C90,63 247621 0.00 
C90,64 227901 0.00 
C90,65 264124 0.00 
C90,66 254020 0.00 
C90,67 238946 0.00 
C90,68 182061 0.00 
C90,69 233730 0.00 
C90,70 230803 0.00 
C90,71 227986 0.00 
C90,72 259832 0.00 
C90,73 242540 0.00 
C90,74 238327 0.00 
C90,75 221703 0.00 
C90,76 219489 0.00 
C90,77 220189 0.00 
C90,78 257738 0.00 
C90,79 272224 0.00 
C90,80 217453 0.00 
C90,81 233308 0.00 
C90,82 247870 0.00 
C90,83 231927 0.00 
C90,84 218540 0.00 
C90,85 240095 0.00 
C90,86 252704 0.00 
C90,87 225389 0.00 
C90,88 257983 0.00 
C90,89 229328 0.00 
C90,90 250020 0.00 
C90,91 245323 0.00 
C90,92 258042 0.00 
C90,93 219405 0.00 
C90,94 227001 0.00 
C90,95 237332 0.00 
C90,96 216321 0.00 
C90,97 217821 0.00 
C90,98 204408 0.00 
C90,99 241266 0.00 
C90,100 222957 0.00 
C91,1 229648 0.00 
C91,2 230672 0.00 
C91,3 268195 0.00 
C91,4 257453 0.00 
C91,5 231874 0.00 
C91,6 221280 0.00 
C91,7 266544 0.00 
C91,8 251144 0.00 
C91,9 231634 0.00 
C91,10 219084 0.00 
C91,11 241475 0.00 
C91,12 226781 0.00 
C91,13 241892 0.00 
C91,14 244988 0.00 
C91,15 251835 0.00 
C91,16 254267 0.00 
C91,17 236918 0.00 
C91,18 270350 0.00 
C91,19 234496 0.00 
C91,20 267138 0.00 
C91,21 256181 0.00 
C91,22 257843 0.00 
C91,23 230022 0.00 
C91,24 216618 0.00 
C91,25 285030 0.00 
C91,26 225367 0.00 
C91,27 250858 0.00 
C91,28 236836 0.00 
C91,29 234339 0.00 
C91,30 234275 0.00 
C91,31 262387 0.00 
C91,32 221826 0.00 
C91,33 262997 0.00 
C91,34 253920 0.00 
C91,35 236423 0.00 
C91,36 258708 0.00 
C91,37 257010 0.00 
C91,38 236811 0.00 
C91,39 232223 0.00 
C91,40 251275 0.00 
C91,41 231557 0.00 
C91,42 235071 0.00 
C91,43 238820 0.00 
C91,44 256251 0.00 
C91,45 277434 0.00 
C91,46 226872 0.00 
C91,47 240529 0.00 
C91,48 213009 0.00 
C91,49 243407 0.00 
C91,50 227810 0.00 
C91,51 249940 0.00 
C91,52 248193 0.00 
C91,53 275006 0.00 
C91,54 249729 0.00 
C91,55 237587 0.00 
C91,56 244389 0.00 
C91,57 220477 0.00 
C91,58 256768 0.00 
C91,59 227818 0.00 
C91,60 274624 0.00 
C91,61 224628 0.00 
C91,62 232935 0.00 
C91,63 285872 0.00 
C91,64 258941 0.00 
C91,65 270944 0.00 
C91,66 267889 0.00 
C91,67 250158 0.00 
C91,68 202776 0.00 
C91,69 235373 0.00 
C91,70 264416 0.00 
C91,71 232514 0.00 
C91,72 273405 0.00 
C91,73 235686 0.00 
C91,74 256279 0.00 
C91,75 243609 0.00 
C91,76 217197 0.00 
C91,77 233080 0.00 
C91,78 260429 0.00 
C91,79 285161 0.00 
C91,80 243194 0.00 
C91,81 258352 0.00 
C91,82 237160 0.00 
C91,83 258155 0.00 
C91,84 236115 0.00 
C91,85 258751 0.00 
C91,86 272273 0.00 
C91,87 249005 0.00 
C91,88 278219 0.00 
C91,89 231523 0.00 
C91,90 262950 0.00 
C91,91 240026 0.00 
C91,92 250868 0.00 
C91,93 241566 0.00 
C91,94 241289 0.00 
C91,95 263944 0.00 
C91,96 229807 0.00 
C91,97 225487 0.00 
C91,98 230767 0.00 
C91,99 251355 0.00 
C91,100 257595 0.00 
C92,1 217641 0.00 
C92,2 212545 0.00 
C92,3 238537 0.00 
C92,4 263641 0.00 
C92,5 217301 0.00 
C92,6 216020 0.00 
C92,7 247842 0.00 
C92,8 237587 0.00 
C92,9 224475 0.00 
C92,10 223837 0.00 
C92,11 211850 0.00 
C92,12 225192 0.00 
C92,13 231058 0.00 
C92,14 246259 0.00 
C92,15 239422 0.00 
C92,16 250969 0.00 
C92,17 216852 0.00 
C92,18 254076 0.00 
C92,19 232718 0.00 
C92,20 261738 0.00 
C92,21 239262 0.00 
C92,22 260870 0.00 
C92,23 213799 0.00 
C92,24 231966 0.00 
C92,25 275095 0.00 
C92,26 212777 0.00 
C92,27 234200 0.00 
C92,28 240632 0.00 
C92,29 234275 0.00 
C92,30 246202 0.00 
C92,31 242446 0.00 
C92,32 224725 0.00 
C92,33 242360 0.00 
C92,34 241737 0.00 
C92,35 232266 0.00 
C92,36 243535 0.00 
C92,37 229860 0.00 
C92,38 227671 0.00 
C92,39 248285 0.00 
C92,40 237999 0.00 
C92,41 228003 0.00 
C92,42 226481 0.00 
C92,43 242186 0.00 
C92,44 239739 0.00 
C92,45 246887 0.00 
C92,46 220208 0.00 
C92,47 224493 0.00 
C92,48 215438 0.00 
C92,49 231862 0.00 
C92,50 224693 0.00 
C92,51 232895 0.00 
C92,52 244584 0.00 
C92,53 261837 0.00 
C92,54 255129 0.00 
C92,55 221884 0.00 
C92,56 226184 0.00 
C92,57 222429 0.00 
C92,58 254196 0.00 
C92,59 207614 0.00 
C92,60 250960 0.00 
C92,61 232004 0.00 
C92,62 227892 0.00 
C92,63 259361 0.00 
C92,64 239495 0.00 
C92,65 238293 0.00 
C92,66 254428 0.00 
C92,67 223703 0.00 
C92,68 197086 0.00 
C92,69 225333 0.00 
C92,70 256900 0.00 
C92,71 223313 0.00 
C92,72 253945 0.00 
C92,73 234051 0.00 
C92,74 242061 0.00 
C92,75 203130 0.00 
C92,76 202401 0.00 
C92,77 228194 0.00 
C92,78 252734 0.00 
C92,79 266365 0.00 
C92,80 225365 0.00 
C92,81 243717 0.00 
C92,82 230378 0.00 
C92,83 251155 0.00 
C92,84 228499 0.00 
C92,85 245411 0.00 
C92,86 249719 0.00 
C92,87 222493 0.00 
C92,88 260880 0.00 
C92,89 213153 0.00 
C92,90 262992 0.00 
C92,91 236377 0.00 
C92,92 260521 0.00 
C92,93 228364 0.00 
C92,94 255342 0.00 
C92,95 238256 0.00 
C92,96 216651 0.00 
C92,97 226450 0.00 
C92,98 207169 0.00 
C92,99 231282 0.00 
C92,100 237408 0.00 
C93,1 219617 0.00 
C93,2 198158 0.00 
C93,3 234887 0.00 
C93,4 256794 0.00 
C93,5 218219 0.00 
C93,6 221058 0.00 
C93,7 223948 0.00 
C93,8 216054 0.00 
C93,9 214317 0.00 
C93,10 210681 0.00 
C93,11 214072 0.00 
C93,12 205918 0.00 
C93,13 224751 0.00 
C93,14 222073 0.00 
C93,15 239071 0.00 
C93,16 235500 0.00 
C93,17 206988 0.00 
C93,18 252118 0.00 
C93,19 222518 0.00 
C93,20 255857 0.00 
C93,21 244072 0.00 
C93,22 240488 0.00 
C93,23 225526 0.00 
C93,24 230946 0.00 
C93,25 243101 0.00 
C93,26 200864 0.00 
C93,27 216189 0.00 
C93,28 226980 0.00 
C93,29 232866 0.00 
C93,30 227264 0.00 
C93,31 240932 0.00 
C93,32 207960 0.00 
C93,33 235943 0.00 
C93,34 223474 0.00 
C93,35 232148 0.00 
C93,36 229170 0.00 
C93,37 219705 0.00 
C93,38 215879 0.00 
C93,39 225664 0.00 
C93,40 222186 0.00 
C93,41 217175 0.00 
C93,42 226999 0.00 
C93,43 220981 0.00 
C93,44 234805 0.00 
C93,45 240424 0.00 
C93,46 210744 0.00 
C93,47 225431 0.00 
C93,48 214068 0.00 
C93,49 213509 0.00 
C93,50 196221 0.00 
C93,51 211921 0.00 
C93,52 232724 0.00 
C93,53 251047 0.00 
C93,54 219366 0.00 
C93,55 210613 0.00 
C93,56 213130 0.00 
C93,57 214328 0.00 
C93,58 251383 0.00 
C93,59 207282 0.00 
C93,60 252192 0.00 
C93,61 212664 0.00 
C93,62 225316 0.00 
C93,63 239586 0.00 
C93,64 224321 0.00 
C93,65 232139 0.00 
C93,66 255639 0.00 
C93,67 241891 0.00 
C93,68 190038 0.00 
C93,69 215136 0.00 
C93,70 243001 0.00 
C93,71 217268 0.00 
C93,72 248014 0.00 
C93,73 225243 0.00 
C93,74 243128 0.00 
C93,75 197192 0.00 
C93,76 189966 0.00 
C93,77 219807 0.00 
C93,78 247114 0.00 
C93,79 266813 0.00 
C93,80 204417 0.00 
C93,81 240751 0.00 
C93,82 214596 0.00 
C93,83 217880 0.00 
C93,84 206675 0.00 
C93,85 230260 0.00 
C93,86 247660 0.00 
C93,87 208545 0.00 
C93,88 248191 0.00 
C93,89 228651 0.00 
C93,90 245255 0.00 
C93,91 237901 0.00 
C93,92 240826 0.00 
C93,93 218472 0.00 
C93,94 234211 0.00 
C93,95 219719 0.00 
C93,96 212679 0.00 
C93,97 226936 0.00 
C93,98 217126 0.00 
C93,99 224892 0.00 
C93,100 224058 0.00 
C94,1 220410 0.00 
C94,2 212024 0.00 
C94,3 240866 0.00 
C94,4 257341 0.00 
C94,5 233702 0.00 
C94,6 229601 0.00 
C94,7 239836 0.00 
C94,8 233251 0.00 
C94,9 224812 0.00 
C94,10 202825 0.00 
C94,11 228965 0.00 
C94,12 217878 0.00 
C94,13 248380 0.00 
C94,14 223319 0.00 
C94,15 244231 0.00 
C94,16 248862 0.00 
C94,17 218117 0.00 
C94,18 254843 0.00 
C94,19 219044 0.00 
C94,20 272357 0.00 
C94,21 231957 0.00 
C94,22 243831 0.00 
C94,23 236501 0.00 
C94,24 229002 0.00 
C94,25 258924 0.00 
C94,26 219883 0.00 
C94,27 215243 0.00 
C94,28 234717 0.00 
C94,29 237732 0.00 
C94,30 229171 0.00 
C94,31 245051 0.00 
C94,32 230480 0.00 
C94,33 217311 0.00 
C94,34 239609 0.00 
C94,35 227216 0.00 
C94,36 246770 0.00 
C94,37 233460 0.00 
C94,38 221375 0.00 
C94,39 232053 0.00 
C94,40 234471 0.00 
C94,41 242124 0.00 
C94,42 230929 0.00 
C94,43 245958 0.00 
C94,44 239062 0.00 
C94,45 248344 0.00 
C94,46 221201 0.00 
C94,47 221500 0.00 
C94,48 204799 0.00 
C94,49 240201 0.00 
C94,50 229918 0.00 
C94,51 229456 0.00 
C94,52 237568 0.00 
C94,53 266326 0.00 
C94,54 250515 0.00 
C94,55 210518 0.00 
C94,56 226664 0.00 
C94,57 196913 0.00 
C94,58 256974 0.00 
C94,59 208371 0.00 
C94,60 235347 0.00 
C94,61 223711 0.00 
C94,62 223524 0.00 
C94,63 261548 0.00 
C94,64 234582 0.00 
C94,65 262190 0.00 
C94,66 236254 0.00 
C94,67 230992 0.00 
C94,68 190349 0.00 
C94,69 226441 0.00 
C94,70 246071 0.00 
C94,71 238367 0.00 
C94,72 249150 0.00 
C94,73 232334 0.00 
C94,74 243432 0.00 
C94,75 217577 0.00 
C94,76 197881 0.00 
C94,77 214371 0.00 
C94,78 250518 0.00 
C94,79 279425 0.00 
C94,80 224866 0.00 
C94,81 217834 0.00 
C94,82 228530 0.00 
C94,83 242375 0.00 
C94,84 228645 0.00 
C94,85 227527 0.00 
C94,86 238410 0.00 
C94,87 244797 0.00 
C94,88 243744 0.00 
C94,89 217381 0.00 
C94,90 256601 0.00 
C94,91 255359 0.00 
C94,92 246639 0.00 
C94,93 237678 0.00 
C94,94 231956 0.00 
C94,95 234654 0.00 
C94,96 223463 0.00 
C94,97 208037 0.00 
C94,98 212022 0.00 
C94,99 226900 0.00 
C94,100 225430 0.00 
C95,1 231197 0.00 
C95,2 219310 0.00 
C95,3 248111 0.00 
C95,4 261769 0.00 
C95,5 235786 0.00 
C95,6 217909 0.00 
C95,7 262791 0.00 
C95,8 227587 0.00 
C95,9 230550 0.00 
C95,10 225000 0.00 
C95,11 234987 0.00 
C95,12 219684 0.00 
C95,13 241747 0.00 
C95,14 233581 0.00 
C95,15 250513 0.00 
C95,16 243716 0.00 
C95,17 219686 0.00 
C95,18 275496 0.00 
C95,19 242595 0.00 
C95,20 284636 0.00 
C95,21 247810 0.00 
C95,22 256059 0.00 
C95,23 246708 0.00 
C95,24 233462 0.00 
C95,25 270682 0.00 
C95,26 208278 0.00 
C95,27 233997 0.00 
C95,28 246004 0.00 
C95,29 243066 0.00 
C95,30 243110 0.00 
C95,31 260916 0.00 
C95,32 241838 0.00 
C95,33 268754 0.00 
C95,34 236259 0.00 
C95,35 231313 0.00 
C95,36 236944 0.00 
C95,37 228136 0.00 
C95,38 225049 0.00 
C95,39 245355 0.00 
C95,40 235900 0.00 
C95,41 224942 0.00 
C95,42 241318 0.00 
C95,43 235779 0.00 
C95,44 253070 0.00 
C95,45 272169 0.00 
C95,46 237590 0.00 
C95,47 249169 0.00 
C95,48 210994 0.00 
C95,49 230275 0.00 
C95,50 226291 0.00 
C95,51 229963 0.00 
C95,52 251392 0.00 
C95,53 251688 0.00 
C95,54 253377 0.00 
C95,55 209117 0.00 
C95,56 218859 0.00 
C95,57 236556 0.00 
C95,58 266238 0.00 
C95,59 206042 0.00 
C95,60 253472 0.00 
C95,61 228398 0.00 
C95,62 228179 0.00 
C95,63 262524 0.00 
C95,64 226845 0.00 
C95,65 250092 0.00 
C95,66 248550 0.00 
C95,67 260509 0.00 
C95,68 189822 0.00 
C95,69 226955 0.00 
C95,70 230363 0.00 
C95,71 233451 0.00 
C95,72 268918 0.00 
C95,73 239423 0.00 
C95,74 254710 0.00 
C95,75 228319 0.00 
C95,76 206747 0.00 
C95,77 217103 0.00 
C95,78 259117 0.00 
C95,79 294244 0.00 
C95,80 231418 0.00 
C95,81 255347 0.00 
C95,82 246110 0.00 
C95,83 245786 0.00 
C95,84 226469 0.00 
C95,85 241369 0.00 
C95,86 255845 0.00 
C95,87 238027 0.00 
C95,88 256978 0.00 
C95,89 229891 0.00 
C95,90 264964 0.00 
C95,91 266491 0.00 
C95,92 244065 0.00 
C95,93 228856 0.00 
C95,94 264321 0.00 
C95,95 231521 0.00 
C95,96 233670 0.00 
C95,97 227954 0.00 
C95,98 218287 0.00 
C95,99 220007 0.00 
C95,100 237226 0.00 
C96,1 245159 0.00 
C96,2 245142 0.00 
C96,3 272280 0.00 
C96,4 283533 0.00 
C96,5 254362 0.00 
C96,6 251485 0.00 
C96,7 281826 0.00 
C96,8 242452 0.00 
C96,9 262313 0.00 
C96,10 252777 0.00 
C96,11 260626 0.00 
C96,12 262870 0.00 
C96,13 253778 0.00 
C96,14 268253 0.00 
C96,15 264240 0.00 
C96,16 264263 0.00 
C96,17 244230 0.00 
C96,18 286518 0.00 
C96,19 264865 0.00 
C96,20 313841 0.00 
C96,21 258975 0.00 
C96,22 280335 0.00 
C96,23 262485 0.00 
C96,24 260156 0.00 
C96,25 305371 0.00 
C96,26 238498 0.00 
C96,27 264882 0.00 
C96,28 264673 0.00 
C96,29 276309 0.00 
C96,30 270710 0.00 
C96,31 296366 0.00 
C96,32 247681 0.00 
C96,33 278987 0.00 
C96,34 252810 0.00 
C96,35 255079 0.00 
C96,36 274287 0.00 
C96,37 269164 0.00 
C96,38 257683 0.00 
C96,39 255871 0.00 
C96,40 264631 0.00 
C96,41 263489 0.00 
C96,42 273062 0.00 
C96,43 262715 0.00 
C96,44 277942 0.00 
C96,45 287185 0.00 
C96,46 271905 0.00 
C96,47 261035 0.00 
C96,48 240769 0.00 
C96,49 260443 0.00 
C96,50 240307 0.00 
C96,51 246082 0.00 
C96,52 284097 0.00 
C96,53 301359 0.00 
C96,54 268987 0.00 
C96,55 241937 0.00 
C96,56 242731 0.00 
C96,57 241394 0.00 
C96,58 288742 0.00 
C96,59 247228 0.00 
C96,60 272888 0.00 
C96,61 247923 0.00 
C96,62 270778 0.00 
C96,63 299458 0.00 
C96,64 271892 0.00 
C96,65 280931 0.00 
C96,66 277991 0.00 
C96,67 281703 0.00 
C96,68 212179 0.00 
C96,69 259313 0.00 
C96,70 253938 0.00 
C96,71 237580 0.00 
C96,72 297436 0.00 
C96,73 265394 0.00 
C96,74 274620 0.00 
C96,75 246054 0.00 
C96,76 231270 0.00 
C96,77 262994 0.00 
C96,78 279069 0.00 
C96,79 313194 0.00 
C96,80 253608 0.00 
C96,81 275319 0.00 
C96,82 263892 0.00 
C96,83 270158 0.00 
C96,84 241934 0.00 
C96,85 257000 0.00 
C96,86 276843 0.00 
C96,87 246515 0.00 
C96,88 275114 0.00 
C96,89 273401 0.00 
C96,90 279233 0.00 
C96,91 266391 0.00 
C96,92 281887 0.00 
C96,93 269833 0.00 
C96,94 283283 0.00 
C96,95 251453 0.00 
C96,96 245565 0.00 
C96,97 250149 0.00 
C96,98 258127 0.00 
C96,99 258100 0.00 
C96,100 266343 0.00 
C97,1 232087 0.00 
C97,2 236306 0.00 
C97,3 253511 0.00 
C97,4 270960 0.00 
C97,5 250757 0.00 
C97,6 225137 0.00 
C97,7 265757 0.00 
C97,8 240845 0.00 
C97,9 238832 0.00 
C97,10 241779 0.00 
C97,11 222807 0.00 
C97,12 220683 0.00 
C97,13 247058 0.00 
C97,14 242594 0.00 
C97,15 248493 0.00 
C97,16 265428 0.00 
C97,17 233856 0.00 
C97,18 268759 0.00 
C97,19 250450 0.00 
C97,20 286543 0.00 
C97,21 252683 0.00 
C97,22 269429 0.00 
C97,23 241433 0.00 
C97,24 234331 0.00 
C97,25 284079 0.00 
C97,26 229023 0.00 
C97,27 238687 0.00 
C97,28 248513 0.00 
C97,29 254605 0.00 
C97,30 260509 0.00 
C97,31 262537 0.00 
C97,32 244671 0.00 
C97,33 264206 0.00 
C97,34 256506 0.00 
C97,35 237409 0.00 
C97,36 256442 0.00 
C97,37 244842 0.00 
C97,38 237152 0.00 
C97,39 250601 0.00 
C97,40 241039 0.00 
C97,41 248660 0.00 
C97,42 265243 0.00 
C97,43 251733 0.00 
C97,44 250234 0.00 
C97,45 275801 0.00 
C97,46 234226 0.00 
C97,47 239322 0.00 
C97,48 244121 0.00 
C97,49 242115 0.00 
C97,50 237651 0.00 
C97,51 229774 0.00 
C97,52 254538 0.00 
C97,53 266224 0.00 
C97,54 248267 0.00 
C97,55 246430 0.00 
C97,56 234838 0.00 
C97,57 239933 0.00 
C97,58 273491 0.00 
C97,59 247832 0.00 
C97,60 257560 0.00 
C97,61 236730 0.00 
C97,62 258912 0.00 
C97,63 277709 0.00 
C97,64 261201 0.00 
C97,65 271574 0.00 
C97,66 272736 0.00 
C97,67 257722 0.00 
C97,68 187971 0.00 
C97,69 249890 0.00 
C97,70 263409 0.00 
C97,71 235487 0.00 
C97,72 257102 0.00 
C97,73 237254 0.00 
C97,74 256561 0.00 
C97,75 207223 0.00 
C97,76 227144 0.00 
C97,77 257560 0.00 
C97,78 274658 0.00 
C97,79 289161 0.00 
C97,80 238547 0.00 
C97,81 270912 0.00 
C97,82 235448 0.00 
C97,83 258023 0.00 
C97,84 231545 0.00 
C97,85 251009 0.00 
C97,86 250696 0.00 
C97,87 238894 0.00 
C97,88 271553 0.00 
C97,89 238027 0.00 
C97,90 276923 0.00 
C97,91 259373 0.00 
C97,92 253913 0.00 
C97,93 238242 0.00 
C97,94 264861 0.00 
C97,95 251686 0.00 
C97,96 224270 0.00 
C97,97 246169 0.00 
C97,98 211538 0.00 
C97,99 240600 0.00 
C97,100 243214 0.00 
C98,1 243429 0.00 
C98,2 234517 0.00 
C98,3 268010 0.00 
C98,4 279855 0.00 
C98,5 243667 0.00 
C98,6 229830 0.00 
C98,7 264517 0.00 
C98,8 216206 0.00 
C98,9 232358 0.00 
C98,10 233074 0.00 
C98,11 245596 0.00 
C98,12 222872 0.00 
C98,13 244222 0.00 
C98,14 246450 0.00 
C98,15 265659 0.00 
C98,16 262756 0.00 
C98,17 229117 0.00 
C98,18 268649 0.00 
C98,19 254820 0.00 
C98,20 288907 0.00 
C98,21 240835 0.00 
C98,22 264111 0.00 
C98,23 253032 0.00 
C98,24 231399 0.00 
C98,25 283609 0.00 
C98,26 214468 0.00 
C98,27 233274 0.00 
C98,28 261717 0.00 
C98,29 248351 0.00 
C98,30 260829 0.00 
C98,31 259362 0.00 
C98,32 237698 0.00 
C98,33 251135 0.00 
C98,34 252879 0.00 
C98,35 249123 0.00 
C98,36 264536 0.00 
C98,37 247517 0.00 
C98,38 233226 0.00 
C98,39 250738 0.00 
C98,40 256026 0.00 
C98,41 263884 0.00 
C98,42 246994 0.00 
C98,43 249696 0.00 
C98,44 272836 0.00 
C98,45 280255 0.00 
C98,46 249336 0.00 
C98,47 250310 0.00 
C98,48 238729 0.00 
C98,49 237487 0.00 
C98,50 237457 0.00 
C98,51 238351 0.00 
C98,52 272571 0.00 
C98,53 265829 0.00 
C98,54 250779 0.00 
C98,55 235154 0.00 
C98,56 244665 0.00 
C98,57 222234 0.00 
C98,58 270199 0.00 
C98,59 228523 0.00 
C98,60 253595 0.00 
C98,61 236967 0.00 
C98,62 246063 0.00 
C98,63 286155 0.00 
C98,64 239277 0.00 
C98,65 274652 0.00 
C98,66 254379 0.00 
C98,67 259362 0.00 
C98,68 200310 0.00 
C98,69 241064 0.00 
C98,70 248486 0.00 
C98,71 243615 0.00 
C98,72 273931 0.00 
C98,73 257982 0.00 
C98,74 264959 0.00 
C98,75 229561 0.00 
C98,76 219621 0.00 
C98,77 244094 0.00 
C98,78 263109 0.00 
C98,79 290163 0.00 
C98,80 235575 0.00 
C98,81 267359 0.00 
C98,82 253111 0.00 
C98,83 249759 0.00 
C98,84 241647 0.00 
C98,85 255574 0.00 
C98,86 275251 0.00 
C98,87 234105 0.00 
C98,88 272887 0.00 
C98,89 234540 0.00 
C98,90 251520 0.00 
C98,91 249600 0.00 
C98,92 270591 0.00 
C98,93 239468 0.00 
C98,94 251338 0.00 
C98,95 260512 0.00 
C98,96 228855 0.00 
C98,97 239590 0.00 
C98,98 230051 0.00 
C98,99 226944 0.00 
C98,100 253385 0.00 
C99,1 238429 0.00 
C99,2 227765 0.00 
C99,3 247045 0.00 
C99,4 260413 0.00 
C99,5 220806 0.00 
C99,6 238561 0.00 
C99,7 279034 0.00 
C99,8 234718 0.00 
C99,9 230858 0.00 
C99,10 222285 0.00 
C99,11 229977 0.00 
C99,12 221552 0.00 
C99,13 230500 0.00 
C99,14 213960 0.00 
C99,15 237432 0.00 
C99,16 251316 0.00 
C99,17 234091 0.00 
C99,18 266423 0.00 
C99,19 231635 0.00 
C99,20 259798 0.00 
C99,21 216801 0.00 
C99,22 248726 0.00 
C99,23 242194 0.00 
C99,24 232688 0.00 
C99,25 281203 0.00 
C99,26 211732 0.00 
C99,27 232370 0.00 
C99,28 232912 0.00 
C99,29 235400 0.00 
C99,30 210965 0.00 
C99,31 245621 0.00 
C99,32 223668 0.00 
C99,33 244189 0.00 
C99,34 240379 0.00 
C99,35 225086 0.00 
C99,36 263225 0.00 
C99,37 239962 0.00 
C99,38 229752 0.00 
C99,39 224539 0.00 
C99,40 257754 0.00 
C99,41 231757 0.00 
C99,42 254221 0.00 
C99,43 236475 0.00 
C99,44 251389 0.00 
C99,45 249298 0.00 
C99,46 230097 0.00 
C99,47 241174 0.00 
C99,48 217694 0.00 
C99,49 231426 0.00 
C99,50 220733 0.00 
C99,51 230783 0.00 
C99,52 249190 0.00 
C99,53 256606 0.00 
C99,54 242836 0.00 
C99,55 217467 0.00 
C99,56 224189 0.00 
C99,57 226802 0.00 
C99,58 258176 0.00 
C99,59 225670 0.00 
C99,60 244859 0.00 
C99,61 221814 0.00 
C99,62 234827 0.00 
C99,63 286204 0.00 
C99,64 232900 0.00 
C99,65 255031 0.00 
C99,66 252225 0.00 
C99,67 233178 0.00 
C99,68 185661 0.00 
C99,69 219388 0.00 
C99,70 230371 0.00 
C99,71 207308 0.00 
C99,72 269137 0.00 
C99,73 227929 0.00 
C99,74 245361 0.00 
C99,75 209681 0.00 
C99,76 200841 0.00 
C99,77 233037 0.00 
C99,78 262455 0.00 
C99,79 260679 0.00 
C99,80 233916 0.00 
C99,81 236321 0.00 
C99,82 231705 0.00 
C99,83 251919 0.00 
C99,84 228316 0.00 
C99,85 229287 0.00 
C99,86 241342 0.00 
C99,87 221657 0.00 
C99,88 274736 0.00 
C99,89 234986 0.00 
C99,90 244838 0.00 
C99,91 247918 0.00 
C99,92 246143 0.00 
C99,93 233550 0.00 
C99,94 249618 0.00 
C99,95 235497 0.00 
C99,96 225763 0.00 
C99,97 231515 0.00 
C99,98 228800 0.00 
C99,99 227569 0.00 
C99,100 230129 0.00 
C100,1 241371 0.00 
C100,2 238248 0.00 
C100,3 257523 0.00 
C100,4 266156 0.00 
C100,5 243798 0.00 
C100,6 226826 0.00 
C100,7 270279 0.00 
C100,8 234342 0.00 
C100,9 249161 0.00 
C100,10 229073 0.00 
C100,11 247126 0.00 
C100,12 246244 0.00 
C100,13 246180 0.00 
C100,14 239649 0.00 
C100,15 263937 0.00 
C100,16 272236 0.00 
C100,17 224507 0.00 
C100,18 277729 0.00 
C100,19 252596 0.00 
C100,20 275209 0.00 
C100,21 245275 0.00 
C100,22 254199 0.00 
C100,23 237061 0.00 
C100,24 245133 0.00 
C100,25 282677 0.00 
C100,26 220296 0.00 
C100,27 239039 0.00 
C100,28 255050 0.00 
C100,29 244413 0.00 
C100,30 261171 0.00 
C100,31 275079 0.00 
C100,32 247013 0.00 
C100,33 269270 0.00 
C100,34 258124 0.00 
C100,35 239290 0.00 
C100,36 281940 0.00 
C100,37 267243 0.00 
C100,38 245129 0.00 
C100,39 251831 0.00 
C100,40 244257 0.00 
C100,41 238251 0.00 
C100,42 255120 0.00 
C100,43 264675 0.00 
C100,44 276467 0.00 
C100,45 282640 0.00 
C100,46 244243 0.00 
C100,47 246965 0.00 
C100,48 237778 0.00 
C100,49 246779 0.00 
C100,50 232531 0.00 
0.00 
