100 100
C63,1 226085 0.00 
C63,2 193556 0.00 
C63,3 226479 0.00 
C63,4 256032 0.00 
C63,5 223370 0.00 
C63,6 226200 0.00 
C63,7 261199 0.00 
C63,8 236935 0.00 
C63,9 217864 0.00 
C63,10 212509 0.00 
C63,11 240285 0.00 
C63,12 218831 0.00 
C63,13 221959 0.00 
C63,14 231527 0.00 
C63,15 229606 0.00 
C63,16 250056 0.00 
C63,17 214731 0.00 
C63,18 246677 0.00 
C63,19 229554 0.00 
C63,20 265193 0.00 
C63,21 224996 0.00 
C63,22 241012 0.00 
C63,23 242986 0.00 
C63,24 203207 0.00 
C63,25 268567 0.00 
C63,26 203677 0.00 
C63,27 228966 0.00 
C63,28 215120 0.00 
C63,29 222715 0.00 
C63,30 222561 0.00 
C63,31 247242 0.00 
C63,32 235031 0.00 
C63,33 234235 0.00 
C63,34 234146 0.00 
C63,35 218002 0.00 
C63,36 244823 0.00 
C63,37 229521 0.00 
C63,38 228285 0.00 
C63,39 247552 0.00 
C63,40 234606 0.00 
C63,41 226488 0.00 
C63,42 218017 0.00 
C63,43 235042 0.00 
C63,44 236688 0.00 
C63,45 250704 0.00 
C63,46 224481 0.00 
C63,47 230160 0.00 
C63,48 192382 0.00 
C63,49 208365 0.00 
C63,50 221087 0.00 
C63,51 222120 0.00 
C63,52 236007 0.00 
C63,53 244695 0.00 
C63,54 239506 0.00 
C63,55 220929 0.00 
C63,56 228448 0.00 
C63,57 219372 0.00 
C63,58 234619 0.00 
C63,59 215225 0.00 
C63,60 237216 0.00 
C63,61 213251 0.00 
C63,62 226692 0.00 
C63,63 248411 0.00 
C63,64 222370 0.00 
C63,65 256128 0.00 
C63,66 263548 0.00 
C63,67 229190 0.00 
C63,68 195976 0.00 
C63,69 245157 0.00 
C63,70 231819 0.00 
C63,71 209363 0.00 
C63,72 240587 0.00 
C63,73 232760 0.00 
C63,74 252828 0.00 
C63,75 216232 0.00 
C63,76 201524 0.00 
C63,77 218036 0.00 
C63,78 249330 0.00 
C63,79 261043 0.00 
C63,80 223923 0.00 
C63,81 256169 0.00 
C63,82 237804 0.00 
C63,83 241117 0.00 
C63,84 227611 0.00 
C63,85 245462 0.00 
C63,86 236342 0.00 
C63,87 210785 0.00 
C63,88 251204 0.00 
C63,89 225561 0.00 
C63,90 237929 0.00 
C63,91 244998 0.00 
C63,92 239056 0.00 
C63,93 230504 0.00 
C63,94 243683 0.00 
C63,95 230927 0.00 
C63,96 210362 0.00 
C63,97 200212 0.00 
C63,98 200993 0.00 
C63,99 233553 0.00 
C63,100 245283 0.00 
C64,1 258113 0.00 
C64,2 230128 0.00 
C64,3 257518 0.00 
C64,4 309391 0.00 
C64,5 255648 0.00 
C64,6 252963 0.00 
C64,7 285284 0.00 
C64,8 258909 0.00 
C64,9 262164 0.00 
C64,10 249036 0.00 
C64,11 262171 0.00 
C64,12 259548 0.00 
C64,13 258038 0.00 
C64,14 250387 0.00 
C64,15 256437 0.00 
C64,16 277223 0.00 
C64,17 256700 0.00 
C64,18 281368 0.00 
C64,19 270130 0.00 
C64,20 307292 0.00 
C64,21 266555 0.00 
C64,22 281962 0.00 
C64,23 258950 0.00 
C64,24 255121 0.00 
C64,25 300242 0.00 
C64,26 238335 0.00 
C64,27 254246 0.00 
C64,28 270232 0.00 
C64,29 263670 0.00 
C64,30 256374 0.00 
C64,31 297358 0.00 
C64,32 254810 0.00 
C64,33 282268 0.00 
C64,34 258481 0.00 
C64,35 254228 0.00 
C64,36 285839 0.00 
C64,37 276570 0.00 
C64,38 262981 0.00 
C64,39 275845 0.00 
C64,40 262755 0.00 
C64,41 269770 0.00 
C64,42 268700 0.00 
C64,43 288239 0.00 
C64,44 282846 0.00 
C64,45 281771 0.00 
C64,46 263265 0.00 
C64,47 277512 0.00 
C64,48 227902 0.00 
C64,49 243849 0.00 
C64,50 247432 0.00 
C64,51 261023 0.00 
C64,52 268287 0.00 
C64,53 282254 0.00 
C64,54 279327 0.00 
C64,55 235603 0.00 
C64,56 253888 0.00 
C64,57 241431 0.00 
C64,58 289721 0.00 
C64,59 239995 0.00 
C64,60 272344 0.00 
C64,61 241383 0.00 
C64,62 256105 0.00 
C64,63 304298 0.00 
C64,64 251712 0.00 
C64,65 299613 0.00 
C64,66 293023 0.00 
C64,67 287680 0.00 
C64,68 213874 0.00 
C64,69 261617 0.00 
C64,70 265967 0.00 
C64,71 240937 0.00 
C64,72 276473 0.00 
C64,73 259194 0.00 
C64,74 277778 0.00 
C64,75 252689 0.00 
C64,76 236064 0.00 
C64,77 248830 0.00 
C64,78 273528 0.00 
C64,79 297630 0.00 
C64,80 256171 0.00 
C64,81 279832 0.00 
C64,82 246796 0.00 
C64,83 272308 0.00 
C64,84 250529 0.00 
C64,85 269071 0.00 
C64,86 277665 0.00 
C64,87 250475 0.00 
C64,88 287016 0.00 
C64,89 262649 0.00 
C64,90 282108 0.00 
C64,91 288055 0.00 
C64,92 282594 0.00 
C64,93 264634 0.00 
C64,94 289971 0.00 
C64,95 265679 0.00 
C64,96 241147 0.00 
C64,97 245900 0.00 
C64,98 246480 0.00 
C64,99 250609 0.00 
C64,100 274636 0.00 
C65,1 238435 0.00 
C65,2 224310 0.00 
C65,3 265291 0.00 
C65,4 263057 0.00 
C65,5 232998 0.00 
C65,6 226868 0.00 
C65,7 251992 0.00 
C65,8 226044 0.00 
C65,9 215902 0.00 
C65,10 211386 0.00 
C65,11 233599 0.00 
C65,12 238022 0.00 
C65,13 241577 0.00 
C65,14 240080 0.00 
C65,15 248850 0.00 
C65,16 258825 0.00 
C65,17 222460 0.00 
C65,18 265847 0.00 
C65,19 238808 0.00 
C65,20 265791 0.00 
C65,21 250997 0.00 
C65,22 257102 0.00 
C65,23 246176 0.00 
C65,24 231721 0.00 
C65,25 257131 0.00 
C65,26 215303 0.00 
C65,27 245783 0.00 
C65,28 246223 0.00 
C65,29 243382 0.00 
C65,30 235458 0.00 
C65,31 268992 0.00 
C65,32 230057 0.00 
C65,33 250779 0.00 
C65,34 238482 0.00 
C65,35 247253 0.00 
C65,36 242792 0.00 
C65,37 243377 0.00 
C65,38 229837 0.00 
C65,39 241839 0.00 
C65,40 235105 0.00 
C65,41 228014 0.00 
C65,42 245235 0.00 
C65,43 243848 0.00 
C65,44 260130 0.00 
C65,45 280861 0.00 
C65,46 239339 0.00 
C65,47 217404 0.00 
C65,48 208250 0.00 
C65,49 242639 0.00 
C65,50 235695 0.00 
C65,51 230142 0.00 
C65,52 246503 0.00 
C65,53 277266 0.00 
C65,54 239596 0.00 
C65,55 236150 0.00 
C65,56 224582 0.00 
C65,57 218022 0.00 
C65,58 266334 0.00 
C65,59 221847 0.00 
C65,60 255565 0.00 
C65,61 231643 0.00 
C65,62 242383 0.00 
C65,63 274646 0.00 
C65,64 243238 0.00 
C65,65 255327 0.00 
C65,66 265542 0.00 
C65,67 248321 0.00 
C65,68 181952 0.00 
C65,69 238020 0.00 
C65,70 257184 0.00 
C65,71 229079 0.00 
C65,72 273398 0.00 
C65,73 232024 0.00 
C65,74 247870 0.00 
C65,75 232679 0.00 
C65,76 213033 0.00 
C65,77 236045 0.00 
C65,78 277394 0.00 
C65,79 281312 0.00 
C65,80 238734 0.00 
C65,81 246904 0.00 
C65,82 243794 0.00 
C65,83 246301 0.00 
C65,84 249041 0.00 
C65,85 245100 0.00 
C65,86 246548 0.00 
C65,87 237417 0.00 
C65,88 267089 0.00 
C65,89 241549 0.00 
C65,90 263501 0.00 
C65,91 254613 0.00 
C65,92 232178 0.00 
C65,93 240158 0.00 
C65,94 245196 0.00 
C65,95 233252 0.00 
C65,96 203063 0.00 
C65,97 244234 0.00 
C65,98 220213 0.00 
C65,99 228984 0.00 
C65,100 232324 0.00 
C66,1 225042 0.00 
C66,2 207416 0.00 
C66,3 232978 0.00 
C66,4 265689 0.00 
C66,5 211846 0.00 
C66,6 227012 0.00 
C66,7 232466 0.00 
C66,8 229008 0.00 
C66,9 207970 0.00 
C66,10 206019 0.00 
C66,11 235786 0.00 
C66,12 219856 0.00 
C66,13 220512 0.00 
C66,14 235951 0.00 
C66,15 242365 0.00 
C66,16 250738 0.00 
C66,17 230789 0.00 
C66,18 265925 0.00 
C66,19 216753 0.00 
C66,20 260112 0.00 
C66,21 229374 0.00 
C66,22 235431 0.00 
C66,23 210716 0.00 
C66,24 195658 0.00 
C66,25 268286 0.00 
C66,26 202760 0.00 
C66,27 220185 0.00 
C66,28 238321 0.00 
C66,29 232333 0.00 
C66,30 228665 0.00 
C66,31 248778 0.00 
C66,32 233511 0.00 
C66,33 239598 0.00 
C66,34 239976 0.00 
C66,35 214716 0.00 
C66,36 242697 0.00 
C66,37 239729 0.00 
C66,38 226096 0.00 
C66,39 237157 0.00 
C66,40 212406 0.00 
C66,41 237206 0.00 
C66,42 214443 0.00 
C66,43 235695 0.00 
C66,44 248308 0.00 
C66,45 251419 0.00 
C66,46 226197 0.00 
C66,47 239607 0.00 
C66,48 206734 0.00 
C66,49 235422 0.00 
C66,50 215553 0.00 
C66,51 217583 0.00 
C66,52 234069 0.00 
C66,53 242512 0.00 
C66,54 252902 0.00 
C66,55 216697 0.00 
C66,56 220006 0.00 
C66,57 207511 0.00 
C66,58 247062 0.00 
C66,59 219065 0.00 
C66,60 239636 0.00 
C66,61 237375 0.00 
C66,62 233981 0.00 
C66,63 246481 0.00 
C66,64 233973 0.00 
C66,65 249909 0.00 
C66,66 255821 0.00 
C66,67 228904 0.00 
C66,68 192134 0.00 
C66,69 240815 0.00 
C66,70 229657 0.00 
C66,71 217348 0.00 
C66,72 243702 0.00 
C66,73 219823 0.00 
C66,74 250105 0.00 
C66,75 197261 0.00 
C66,76 209196 0.00 
C66,77 209337 0.00 
C66,78 242917 0.00 
C66,79 280198 0.00 
C66,80 207953 0.00 
C66,81 235544 0.00 
C66,82 239314 0.00 
C66,83 228503 0.00 
C66,84 231092 0.00 
C66,85 244390 0.00 
C66,86 253800 0.00 
C66,87 221599 0.00 
C66,88 258653 0.00 
C66,89 219203 0.00 
C66,90 240257 0.00 
C66,91 239151 0.00 
C66,92 245150 0.00 
C66,93 222506 0.00 
C66,94 220906 0.00 
C66,95 233779 0.00 
C66,96 204976 0.00 
C66,97 214774 0.00 
C66,98 205844 0.00 
C66,99 215005 0.00 
C66,100 227358 0.00 
C67,1 219055 0.00 
C67,2 212553 0.00 
C67,3 237589 0.00 
C67,4 267234 0.00 
C67,5 215626 0.00 
C67,6 235040 0.00 
C67,7 246002 0.00 
C67,8 227565 0.00 
C67,9 226594 0.00 
C67,10 236161 0.00 
C67,11 220049 0.00 
C67,12 223881 0.00 
C67,13 241713 0.00 
C67,14 215246 0.00 
C67,15 235759 0.00 
C67,16 248507 0.00 
C67,17 221192 0.00 
C67,18 253309 0.00 
C67,19 214924 0.00 
C67,20 261893 0.00 
C67,21 228831 0.00 
C67,22 252275 0.00 
C67,23 240321 0.00 
C67,24 211599 0.00 
C67,25 264856 0.00 
C67,26 208870 0.00 
C67,27 222082 0.00 
C67,28 234961 0.00 
C67,29 246021 0.00 
C67,30 231037 0.00 
C67,31 236458 0.00 
C67,32 229755 0.00 
C67,33 233613 0.00 
C67,34 232129 0.00 
C67,35 226054 0.00 
C67,36 252757 0.00 
C67,37 243182 0.00 
C67,38 219645 0.00 
C67,39 228366 0.00 
C67,40 221460 0.00 
C67,41 227107 0.00 
C67,42 252374 0.00 
C67,43 252995 0.00 
C67,44 233366 0.00 
C67,45 252809 0.00 
C67,46 222461 0.00 
C67,47 222901 0.00 
C67,48 206124 0.00 
C67,49 235478 0.00 
C67,50 217517 0.00 
C67,51 229283 0.00 
C67,52 257164 0.00 
C67,53 262667 0.00 
C67,54 256452 0.00 
C67,55 201085 0.00 
C67,56 230434 0.00 
C67,57 219318 0.00 
C67,58 263095 0.00 
C67,59 235552 0.00 
C67,60 240612 0.00 
C67,61 227784 0.00 
C67,62 222495 0.00 
C67,63 265242 0.00 
C67,64 240483 0.00 
C67,65 258099 0.00 
C67,66 260766 0.00 
C67,67 252964 0.00 
C67,68 194187 0.00 
C67,69 227650 0.00 
C67,70 226023 0.00 
C67,71 243996 0.00 
C67,72 253956 0.00 
C67,73 218129 0.00 
C67,74 248084 0.00 
C67,75 200533 0.00 
C67,76 221467 0.00 
C67,77 207659 0.00 
C67,78 245087 0.00 
C67,79 285379 0.00 
C67,80 222336 0.00 
C67,81 236768 0.00 
C67,82 238150 0.00 
C67,83 238762 0.00 
C67,84 222234 0.00 
C67,85 244092 0.00 
C67,86 240089 0.00 
C67,87 223494 0.00 
C67,88 250008 0.00 
C67,89 238592 0.00 
C67,90 244991 0.00 
C67,91 247617 0.00 
C67,92 246174 0.00 
C67,93 216594 0.00 
C67,94 237102 0.00 
C67,95 239747 0.00 
C67,96 203313 0.00 
C67,97 209872 0.00 
C67,98 210077 0.00 
C67,99 231245 0.00 
C67,100 250103 0.00 
C68,1 251046 0.00 
C68,2 231489 0.00 
C68,3 276166 0.00 
C68,4 289255 0.00 
C68,5 244054 0.00 
C68,6 252248 0.00 
C68,7 285422 0.00 
C68,8 253821 0.00 
C68,9 252523 0.00 
C68,10 243679 0.00 
C68,11 239543 0.00 
C68,12 224582 0.00 
C68,13 253130 0.00 
C68,14 244380 0.00 
C68,15 269695 0.00 
C68,16 270947 0.00 
C68,17 245357 0.00 
C68,18 285778 0.00 
C68,19 251732 0.00 
C68,20 288583 0.00 
C68,21 260142 0.00 
C68,22 264737 0.00 
C68,23 258879 0.00 
C68,24 258792 0.00 
C68,25 295228 0.00 
C68,26 207912 0.00 
C68,27 250105 0.00 
C68,28 247518 0.00 
C68,29 268400 0.00 
C68,30 261100 0.00 
C68,31 282505 0.00 
C68,32 226552 0.00 
C68,33 264414 0.00 
C68,34 263013 0.00 
C68,35 249517 0.00 
C68,36 272193 0.00 
C68,37 262661 0.00 
C68,38 253434 0.00 
C68,39 254076 0.00 
C68,40 246989 0.00 
C68,41 240065 0.00 
C68,42 256351 0.00 
C68,43 252566 0.00 
C68,44 282016 0.00 
C68,45 281925 0.00 
C68,46 245389 0.00 
C68,47 253294 0.00 
C68,48 229271 0.00 
C68,49 248493 0.00 
C68,50 238051 0.00 
C68,51 257118 0.00 
C68,52 270821 0.00 
C68,53 291636 0.00 
C68,54 262065 0.00 
C68,55 235171 0.00 
C68,56 258537 0.00 
C68,57 246893 0.00 
C68,58 288906 0.00 
C68,59 232567 0.00 
C68,60 266062 0.00 
C68,61 242194 0.00 
C68,62 259225 0.00 
C68,63 276187 0.00 
C68,64 245851 0.00 
C68,65 271710 0.00 
C68,66 285036 0.00 
C68,67 275342 0.00 
C68,68 208412 0.00 
C68,69 249747 0.00 
C68,70 268852 0.00 
C68,71 251877 0.00 
C68,72 291227 0.00 
C68,73 256328 0.00 
C68,74 266132 0.00 
C68,75 240455 0.00 
C68,76 226747 0.00 
C68,77 260742 0.00 
C68,78 283589 0.00 
C68,79 299786 0.00 
C68,80 255755 0.00 
C68,81 272891 0.00 
C68,82 261593 0.00 
C68,83 280735 0.00 
C68,84 249816 0.00 
C68,85 252877 0.00 
C68,86 270037 0.00 
C68,87 249083 0.00 
C68,88 270418 0.00 
C68,89 254707 0.00 
C68,90 267683 0.00 
C68,91 263243 0.00 
C68,92 278699 0.00 
C68,93 261886 0.00 
C68,94 271236 0.00 
C68,95 246210 0.00 
C68,96 245899 0.00 
C68,97 245706 0.00 
C68,98 248680 0.00 
C68,99 268791 0.00 
C68,100 269492 0.00 
C69,1 229269 0.00 
C69,2 233473 0.00 
C69,3 249892 0.00 
C69,4 256355 0.00 
C69,5 225488 0.00 
C69,6 220948 0.00 
C69,7 262721 0.00 
C69,8 225513 0.00 
C69,9 219480 0.00 
C69,10 209069 0.00 
C69,11 233039 0.00 
C69,12 221204 0.00 
C69,13 233944 0.00 
C69,14 226227 0.00 
C69,15 232863 0.00 
C69,16 252586 0.00 
C69,17 214681 0.00 
C69,18 273836 0.00 
C69,19 229111 0.00 
C69,20 273825 0.00 
C69,21 241475 0.00 
C69,22 249293 0.00 
C69,23 232955 0.00 
C69,24 213076 0.00 
C69,25 272112 0.00 
C69,26 210125 0.00 
C69,27 225584 0.00 
C69,28 228593 0.00 
C69,29 209397 0.00 
C69,30 222234 0.00 
C69,31 251035 0.00 
C69,32 234749 0.00 
C69,33 244827 0.00 
C69,34 222141 0.00 
C69,35 223939 0.00 
C69,36 240658 0.00 
C69,37 239628 0.00 
C69,38 221798 0.00 
C69,39 235503 0.00 
C69,40 231653 0.00 
C69,41 224871 0.00 
C69,42 215779 0.00 
C69,43 230403 0.00 
C69,44 246438 0.00 
C69,45 255454 0.00 
C69,46 226556 0.00 
C69,47 238312 0.00 
C69,48 200382 0.00 
C69,49 227311 0.00 
C69,50 223728 0.00 
C69,51 222542 0.00 
C69,52 242537 0.00 
C69,53 257066 0.00 
C69,54 248510 0.00 
C69,55 223288 0.00 
C69,56 226667 0.00 
C69,57 206662 0.00 
C69,58 241641 0.00 
C69,59 208102 0.00 
C69,60 256318 0.00 
C69,61 224463 0.00 
C69,62 220901 0.00 
C69,63 260399 0.00 
C69,64 231665 0.00 
C69,65 243621 0.00 
C69,66 238743 0.00 
C69,67 235693 0.00 
C69,68 182600 0.00 
C69,69 217852 0.00 
C69,70 235108 0.00 
C69,71 224782 0.00 
C69,72 264360 0.00 
C69,73 236978 0.00 
C69,74 237262 0.00 
C69,75 229856 0.00 
C69,76 203146 0.00 
C69,77 219507 0.00 
C69,78 252679 0.00 
C69,79 272582 0.00 
C69,80 223841 0.00 
C69,81 234797 0.00 
C69,82 230117 0.00 
C69,83 235658 0.00 
C69,84 227063 0.00 
C69,85 239346 0.00 
C69,86 243155 0.00 
C69,87 231665 0.00 
C69,88 271439 0.00 
C69,89 242985 0.00 
C69,90 251963 0.00 
C69,91 240502 0.00 
C69,92 228488 0.00 
C69,93 234157 0.00 
C69,94 246807 0.00 
C69,95 236416 0.00 
C69,96 223858 0.00 
C69,97 213581 0.00 
C69,98 221584 0.00 
C69,99 242637 0.00 
C69,100 229069 0.00 
C70,1 232649 0.00 
C70,2 208741 0.00 
C70,3 257021 0.00 
C70,4 255196 0.00 
C70,5 242368 0.00 
C70,6 220165 0.00 
C70,7 267896 0.00 
C70,8 219501 0.00 
C70,9 216082 0.00 
C70,10 219381 0.00 
C70,11 248315 0.00 
C70,12 234196 0.00 
C70,13 242172 0.00 
C70,14 248706 0.00 
C70,15 253289 0.00 
C70,16 261190 0.00 
C70,17 227856 0.00 
C70,18 275535 0.00 
C70,19 251180 0.00 
C70,20 266550 0.00 
C70,21 246414 0.00 
C70,22 253784 0.00 
C70,23 239829 0.00 
C70,24 248978 0.00 
C70,25 289089 0.00 
C70,26 210688 0.00 
C70,27 245678 0.00 
C70,28 237179 0.00 
C70,29 237724 0.00 
C70,30 246100 0.00 
C70,31 263455 0.00 
C70,32 240528 0.00 
C70,33 243378 0.00 
C70,34 261070 0.00 
C70,35 226338 0.00 
C70,36 266722 0.00 
C70,37 252770 0.00 
C70,38 245638 0.00 
C70,39 245453 0.00 
C70,40 245771 0.00 
C70,41 227372 0.00 
C70,42 243323 0.00 
C70,43 241263 0.00 
C70,44 268438 0.00 
C70,45 272504 0.00 
C70,46 245339 0.00 
C70,47 241309 0.00 
C70,48 223784 0.00 
C70,49 257344 0.00 
C70,50 232884 0.00 
C70,51 225882 0.00 
C70,52 262712 0.00 
C70,53 281748 0.00 
C70,54 254258 0.00 
C70,55 245106 0.00 
C70,56 232259 0.00 
C70,57 215123 0.00 
C70,58 270119 0.00 
C70,59 229709 0.00 
C70,60 249245 0.00 
C70,61 247076 0.00 
C70,62 242613 0.00 
C70,63 276997 0.00 
C70,64 245189 0.00 
C70,65 266440 0.00 
C70,66 265531 0.00 
C70,67 261422 0.00 
C70,68 199149 0.00 
C70,69 246288 0.00 
C70,70 237846 0.00 
C70,71 225492 0.00 
C70,72 262275 0.00 
C70,73 251129 0.00 
C70,74 256231 0.00 
C70,75 239980 0.00 
C70,76 214801 0.00 
C70,77 244587 0.00 
C70,78 287684 0.00 
C70,79 290199 0.00 
C70,80 225337 0.00 
C70,81 263448 0.00 
C70,82 257518 0.00 
C70,83 256691 0.00 
C70,84 240506 0.00 
C70,85 229736 0.00 
C70,86 263748 0.00 
C70,87 255587 0.00 
C70,88 272375 0.00 
C70,89 248288 0.00 
C70,90 269043 0.00 
C70,91 258295 0.00 
C70,92 266411 0.00 
C70,93 239530 0.00 
C70,94 258359 0.00 
C70,95 242406 0.00 
C70,96 226673 0.00 
C70,97 230639 0.00 
C70,98 232616 0.00 
C70,99 242189 0.00 
C70,100 239912 0.00 
C71,1 229918 0.00 
C71,2 218048 0.00 
C71,3 242362 0.00 
C71,4 259923 0.00 
C71,5 225009 0.00 
C71,6 226236 0.00 
C71,7 230868 0.00 
C71,8 236687 0.00 
C71,9 208017 0.00 
C71,10 209983 0.00 
C71,11 219241 0.00 
C71,12 219716 0.00 
C71,13 231588 0.00 
C71,14 231392 0.00 
C71,15 244298 0.00 
C71,16 245081 0.00 
C71,17 218686 0.00 
C71,18 266451 0.00 
C71,19 220725 0.00 
C71,20 244303 0.00 
C71,21 231587 0.00 
C71,22 260724 0.00 
C71,23 212399 0.00 
C71,24 217329 0.00 
C71,25 256533 0.00 
C71,26 205198 0.00 
C71,27 213889 0.00 
C71,28 233102 0.00 
C71,29 209853 0.00 
C71,30 246590 0.00 
C71,31 228757 0.00 
C71,32 223252 0.00 
C71,33 231542 0.00 
C71,34 234669 0.00 
C71,35 227655 0.00 
C71,36 255027 0.00 
C71,37 221189 0.00 
C71,38 213177 0.00 
C71,39 215023 0.00 
C71,40 221459 0.00 
C71,41 218402 0.00 
C71,42 215899 0.00 
C71,43 227031 0.00 
C71,44 239138 0.00 
C71,45 257083 0.00 
C71,46 214136 0.00 
C71,47 242651 0.00 
C71,48 207396 0.00 
C71,49 223434 0.00 
C71,50 217582 0.00 
C71,51 208297 0.00 
C71,52 225763 0.00 
C71,53 253120 0.00 
C71,54 241258 0.00 
C71,55 215070 0.00 
C71,56 218412 0.00 
C71,57 207905 0.00 
C71,58 240999 0.00 
C71,59 213812 0.00 
C71,60 240148 0.00 
C71,61 202348 0.00 
C71,62 222210 0.00 
C71,63 241860 0.00 
C71,64 238318 0.00 
C71,65 258902 0.00 
C71,66 243532 0.00 
C71,67 223188 0.00 
C71,68 199865 0.00 
C71,69 227677 0.00 
C71,70 239259 0.00 
C71,71 221025 0.00 
C71,72 246270 0.00 
C71,73 229444 0.00 
C71,74 237798 0.00 
C71,75 206690 0.00 
C71,76 192687 0.00 
C71,77 234704 0.00 
C71,78 249108 0.00 
C71,79 268264 0.00 
C71,80 215844 0.00 
C71,81 240097 0.00 
C71,82 230687 0.00 
C71,83 263333 0.00 
C71,84 211379 0.00 
C71,85 239197 0.00 
C71,86 258286 0.00 
C71,87 225398 0.00 
C71,88 240673 0.00 
C71,89 229493 0.00 
C71,90 245704 0.00 
C71,91 225121 0.00 
C71,92 241351 0.00 
C71,93 221489 0.00 
C71,94 238167 0.00 
C71,95 222155 0.00 
C71,96 217020 0.00 
C71,97 214263 0.00 
C71,98 206606 0.00 
C71,99 224774 0.00 
C71,100 243962 0.00 
C72,1 216923 0.00 
C72,2 224382 0.00 
C72,3 238364 0.00 
C72,4 259366 0.00 
C72,5 229590 0.00 
C72,6 232816 0.00 
C72,7 268761 0.00 
C72,8 248186 0.00 
C72,9 233635 0.00 
C72,10 226385 0.00 
C72,11 226108 0.00 
C72,12 248454 0.00 
C72,13 231217 0.00 
C72,14 223640 0.00 
C72,15 254074 0.00 
C72,16 246913 0.00 
C72,17 223748 0.00 
C72,18 253981 0.00 
C72,19 230357 0.00 
C72,20 275512 0.00 
C72,21 241014 0.00 
C72,22 255320 0.00 
C72,23 232482 0.00 
C72,24 215215 0.00 
C72,25 273151 0.00 
C72,26 208855 0.00 
C72,27 237320 0.00 
C72,28 254575 0.00 
C72,29 238180 0.00 
C72,30 238301 0.00 
C72,31 277546 0.00 
C72,32 235888 0.00 
C72,33 251764 0.00 
C72,34 225600 0.00 
C72,35 225530 0.00 
C72,36 252389 0.00 
C72,37 242328 0.00 
C72,38 231972 0.00 
C72,39 226558 0.00 
C72,40 257563 0.00 
C72,41 233209 0.00 
C72,42 254907 0.00 
C72,43 248896 0.00 
C72,44 258160 0.00 
C72,45 270748 0.00 
C72,46 231240 0.00 
C72,47 238402 0.00 
C72,48 222509 0.00 
C72,49 235144 0.00 
C72,50 231836 0.00 
C72,51 230299 0.00 
C72,52 239506 0.00 
C72,53 283256 0.00 
C72,54 247880 0.00 
C72,55 224245 0.00 
C72,56 215928 0.00 
C72,57 230554 0.00 
C72,58 266161 0.00 
C72,59 224542 0.00 
C72,60 247259 0.00 
C72,61 228811 0.00 
C72,62 223971 0.00 
C72,63 263814 0.00 
C72,64 253861 0.00 
C72,65 259704 0.00 
C72,66 269823 0.00 
C72,67 227115 0.00 
C72,68 204948 0.00 
C72,69 229267 0.00 
C72,70 256357 0.00 
C72,71 236788 0.00 
C72,72 272977 0.00 
C72,73 230359 0.00 
C72,74 241711 0.00 
C72,75 211414 0.00 
C72,76 206489 0.00 
C72,77 230320 0.00 
C72,78 258436 0.00 
C72,79 291001 0.00 
C72,80 225406 0.00 
C72,81 243701 0.00 
C72,82 224957 0.00 
C72,83 235376 0.00 
C72,84 227585 0.00 
C72,85 244726 0.00 
C72,86 259226 0.00 
C72,87 235263 0.00 
C72,88 270058 0.00 
C72,89 237960 0.00 
C72,90 255982 0.00 
C72,91 242373 0.00 
C72,92 268399 0.00 
C72,93 242889 0.00 
C72,94 256272 0.00 
C72,95 233904 0.00 
C72,96 228520 0.00 
C72,97 222211 0.00 
C72,98 228248 0.00 
C72,99 235125 0.00 
C72,100 237871 0.00 
C73,1 197019 0.00 
C73,2 190864 0.00 
C73,3 237189 0.00 
C73,4 239603 0.00 
C73,5 217766 0.00 
C73,6 202789 0.00 
C73,7 224457 0.00 
C73,8 213349 0.00 
C73,9 216953 0.00 
C73,10 204107 0.00 
C73,11 178274 0.00 
C73,12 194215 0.00 
C73,13 216228 0.00 
C73,14 211835 0.00 
C73,15 219652 0.00 
C73,16 233528 0.00 
C73,17 197609 0.00 
C73,18 241309 0.00 
C73,19 220390 0.00 
C73,20 233658 0.00 
C73,21 221503 0.00 
C73,22 223577 0.00 
C73,23 222133 0.00 
C73,24 199389 0.00 
C73,25 234254 0.00 
C73,26 194415 0.00 
C73,27 203410 0.00 
C73,28 218850 0.00 
C73,29 231550 0.00 
C73,30 215413 0.00 
C73,31 229483 0.00 
C73,32 217543 0.00 
C73,33 229823 0.00 
C73,34 204429 0.00 
C73,35 218097 0.00 
C73,36 229938 0.00 
C73,37 222461 0.00 
C73,38 205466 0.00 
C73,39 202345 0.00 
C73,40 214511 0.00 
C73,41 223226 0.00 
C73,42 224310 0.00 
C73,43 214043 0.00 
C73,44 233877 0.00 
C73,45 246530 0.00 
C73,46 209679 0.00 
C73,47 217663 0.00 
C73,48 199162 0.00 
C73,49 221332 0.00 
C73,50 204009 0.00 
C73,51 201506 0.00 
C73,52 216988 0.00 
C73,53 241451 0.00 
C73,54 213539 0.00 
C73,55 197081 0.00 
C73,56 210130 0.00 
C73,57 181843 0.00 
C73,58 243862 0.00 
C73,59 196985 0.00 
C73,60 223535 0.00 
C73,61 201743 0.00 
C73,62 214761 0.00 
C73,63 252328 0.00 
C73,64 222639 0.00 
C73,65 229354 0.00 
C73,66 230729 0.00 
C73,67 234603 0.00 
C73,68 178523 0.00 
C73,69 208822 0.00 
C73,70 218009 0.00 
C73,71 219240 0.00 
C73,72 225182 0.00 
C73,73 199218 0.00 
C73,74 235592 0.00 
C73,75 181456 0.00 
C73,76 183091 0.00 
C73,77 196950 0.00 
C73,78 232726 0.00 
C73,79 262027 0.00 
C73,80 207168 0.00 
C73,81 233114 0.00 
C73,82 221080 0.00 
C73,83 223954 0.00 
C73,84 193358 0.00 
C73,85 223405 0.00 
C73,86 229342 0.00 
C73,87 214669 0.00 
C73,88 238897 0.00 
C73,89 208836 0.00 
C73,90 234371 0.00 
C73,91 227464 0.00 
C73,92 225958 0.00 
C73,93 205460 0.00 
C73,94 205695 0.00 
C73,95 216990 0.00 
C73,96 195603 0.00 
C73,97 208722 0.00 
C73,98 210776 0.00 
C73,99 215143 0.00 
C73,100 216823 0.00 
C74,1 239360 0.00 
C74,2 216111 0.00 
C74,3 251878 0.00 
C74,4 276499 0.00 
C74,5 232627 0.00 
C74,6 223165 0.00 
C74,7 268806 0.00 
C74,8 224877 0.00 
C74,9 220259 0.00 
C74,10 212855 0.00 
C74,11 232793 0.00 
C74,12 236121 0.00 
C74,13 233060 0.00 
C74,14 240273 0.00 
C74,15 232800 0.00 
C74,16 249449 0.00 
C74,17 224423 0.00 
C74,18 246247 0.00 
C74,19 226843 0.00 
C74,20 267393 0.00 
C74,21 230276 0.00 
C74,22 254656 0.00 
C74,23 229700 0.00 
C74,24 225571 0.00 
C74,25 270155 0.00 
C74,26 222766 0.00 
C74,27 236853 0.00 
C74,28 245050 0.00 
C74,29 232870 0.00 
C74,30 224032 0.00 
C74,31 270428 0.00 
C74,32 218720 0.00 
C74,33 257382 0.00 
C74,34 242936 0.00 
C74,35 237732 0.00 
C74,36 247730 0.00 
C74,37 251683 0.00 
C74,38 236932 0.00 
C74,39 236469 0.00 
C74,40 242187 0.00 
C74,41 226236 0.00 
C74,42 238824 0.00 
C74,43 243593 0.00 
C74,44 264705 0.00 
C74,45 257099 0.00 
C74,46 224142 0.00 
C74,47 239186 0.00 
C74,48 213478 0.00 
C74,49 230455 0.00 
C74,50 213019 0.00 
C74,51 216544 0.00 
C74,52 239990 0.00 
C74,53 252913 0.00 
C74,54 232837 0.00 
C74,55 221689 0.00 
C74,56 204121 0.00 
C74,57 227468 0.00 
C74,58 259324 0.00 
C74,59 234437 0.00 
C74,60 242050 0.00 
C74,61 217530 0.00 
C74,62 243568 0.00 
C74,63 275793 0.00 
C74,64 238886 0.00 
C74,65 256344 0.00 
C74,66 264459 0.00 
C74,67 235911 0.00 
C74,68 195458 0.00 
C74,69 231098 0.00 
C74,70 240544 0.00 
C74,71 214516 0.00 
C74,72 259048 0.00 
C74,73 251914 0.00 
C74,74 262534 0.00 
C74,75 224607 0.00 
C74,76 218425 0.00 
C74,77 235411 0.00 
C74,78 256861 0.00 
C74,79 269822 0.00 
C74,80 208271 0.00 
C74,81 260715 0.00 
C74,82 225242 0.00 
C74,83 243828 0.00 
C74,84 242811 0.00 
C74,85 220835 0.00 
C74,86 256003 0.00 
C74,87 228039 0.00 
C74,88 268157 0.00 
C74,89 228790 0.00 
C74,90 246973 0.00 
C74,91 258186 0.00 
C74,92 238805 0.00 
C74,93 226094 0.00 
C74,94 262739 0.00 
C74,95 237640 0.00 
C74,96 211209 0.00 
C74,97 228247 0.00 
C74,98 216034 0.00 
C74,99 219546 0.00 
C74,100 238932 0.00 
C75,1 261845 0.00 
C75,2 223491 0.00 
C75,3 256770 0.00 
C75,4 284421 0.00 
C75,5 228054 0.00 
C75,6 248933 0.00 
C75,7 270923 0.00 
C75,8 250032 0.00 
C75,9 248206 0.00 
C75,10 250569 0.00 
C75,11 251546 0.00 
C75,12 256106 0.00 
C75,13 261648 0.00 
C75,14 248678 0.00 
C75,15 258700 0.00 
C75,16 260502 0.00 
C75,17 247923 0.00 
C75,18 275119 0.00 
C75,19 239984 0.00 
C75,20 285143 0.00 
C75,21 254896 0.00 
C75,22 272225 0.00 
C75,23 245720 0.00 
C75,24 244712 0.00 
C75,25 308170 0.00 
C75,26 232261 0.00 
C75,27 248198 0.00 
C75,28 255760 0.00 
C75,29 244719 0.00 
C75,30 256086 0.00 
C75,31 278935 0.00 
C75,32 244324 0.00 
C75,33 270250 0.00 
C75,34 272213 0.00 
C75,35 243489 0.00 
C75,36 270179 0.00 
C75,37 271325 0.00 
C75,38 269764 0.00 
C75,39 260088 0.00 
C75,40 248048 0.00 
C75,41 247647 0.00 
C75,42 248649 0.00 
C75,43 264448 0.00 
C75,44 279916 0.00 
C75,45 275612 0.00 
C75,46 253507 0.00 
C75,47 268873 0.00 
C75,48 228960 0.00 
C75,49 267845 0.00 
C75,50 234348 0.00 
0.00 
