100 100
C81,1 242275 0.00 
C81,2 260615 0.00 
C81,3 260138 0.00 
C81,4 261067 0.00 
C81,5 251059 0.00 
C81,6 261845 0.00 
C81,7 252256 0.00 
C81,8 267577 0.00 
C81,9 243993 0.00 
C81,10 242266 0.00 
C81,11 237284 0.00 
C81,12 242595 0.00 
C81,13 262114 0.00 
C81,14 270571 0.00 
C81,15 224683 0.00 
C81,16 235514 0.00 
C81,17 264856 0.00 
C81,18 248798 0.00 
C81,19 230006 0.00 
C81,20 259128 0.00 
C81,21 274620 0.00 
C81,22 261237 0.00 
C81,23 231245 0.00 
C81,24 246572 0.00 
C81,25 270881 0.00 
C81,26 258853 0.00 
C81,27 238261 0.00 
C81,28 255819 0.00 
C81,29 267889 0.00 
C81,30 253891 0.00 
C81,31 237751 0.00 
C81,32 224392 0.00 
C81,33 267548 0.00 
C81,34 251204 0.00 
C81,35 264990 0.00 
C81,36 248037 0.00 
C81,37 261174 0.00 
C81,38 246979 0.00 
C81,39 242821 0.00 
C81,40 242890 0.00 
C81,41 244791 0.00 
C81,42 247220 0.00 
C81,43 274137 0.00 
C81,44 237113 0.00 
C81,45 215189 0.00 
C81,46 237708 0.00 
C81,47 271777 0.00 
C81,48 273919 0.00 
C81,49 256037 0.00 
C81,50 236482 0.00 
C81,51 224802 0.00 
C81,52 222102 0.00 
C81,53 250249 0.00 
C81,54 246130 0.00 
C81,55 230919 0.00 
C81,56 253593 0.00 
C81,57 233141 0.00 
C81,58 243460 0.00 
C81,59 230017 0.00 
C81,60 262902 0.00 
C81,61 265283 0.00 
C81,62 256583 0.00 
C81,63 267558 0.00 
C81,64 265256 0.00 
C81,65 259375 0.00 
C81,66 249424 0.00 
C81,67 247072 0.00 
C81,68 280937 0.00 
C81,69 224539 0.00 
C81,70 260859 0.00 
C81,71 219434 0.00 
C81,72 260117 0.00 
C81,73 278217 0.00 
C81,74 230120 0.00 
C81,75 289656 0.00 
C81,76 237346 0.00 
C81,77 242903 0.00 
C81,78 249620 0.00 
C81,79 258737 0.00 
C81,80 234328 0.00 
C81,81 249724 0.00 
C81,82 256019 0.00 
C81,83 278116 0.00 
C81,84 251731 0.00 
C81,85 233651 0.00 
C81,86 237176 0.00 
C81,87 260820 0.00 
C81,88 250628 0.00 
C81,89 222365 0.00 
C81,90 227535 0.00 
C81,91 265612 0.00 
C81,92 251289 0.00 
C81,93 261653 0.00 
C81,94 261130 0.00 
C81,95 228331 0.00 
C81,96 241972 0.00 
C81,97 244918 0.00 
C81,98 248668 0.00 
C81,99 281073 0.00 
C81,100 263387 0.00 
C82,1 234790 0.00 
C82,2 225774 0.00 
C82,3 235964 0.00 
C82,4 241219 0.00 
C82,5 256575 0.00 
C82,6 254801 0.00 
C82,7 239280 0.00 
C82,8 236535 0.00 
C82,9 209354 0.00 
C82,10 239031 0.00 
C82,11 237977 0.00 
C82,12 216205 0.00 
C82,13 219702 0.00 
C82,14 266180 0.00 
C82,15 235185 0.00 
C82,16 239360 0.00 
C82,17 236434 0.00 
C82,18 226831 0.00 
C82,19 225702 0.00 
C82,20 226987 0.00 
C82,21 271360 0.00 
C82,22 227971 0.00 
C82,23 198691 0.00 
C82,24 230630 0.00 
C82,25 239152 0.00 
C82,26 234195 0.00 
C82,27 237156 0.00 
C82,28 230990 0.00 
C82,29 236808 0.00 
C82,30 243652 0.00 
C82,31 238158 0.00 
C82,32 224170 0.00 
C82,33 254694 0.00 
C82,34 212431 0.00 
C82,35 224344 0.00 
C82,36 232777 0.00 
C82,37 230116 0.00 
C82,38 215399 0.00 
C82,39 219588 0.00 
C82,40 224794 0.00 
C82,41 219661 0.00 
C82,42 226798 0.00 
C82,43 239832 0.00 
C82,44 226198 0.00 
C82,45 193465 0.00 
C82,46 236817 0.00 
C82,47 224257 0.00 
C82,48 255926 0.00 
C82,49 247634 0.00 
C82,50 221022 0.00 
C82,51 207522 0.00 
C82,52 219465 0.00 
C82,53 233336 0.00 
C82,54 225031 0.00 
C82,55 222121 0.00 
C82,56 231139 0.00 
C82,57 229808 0.00 
C82,58 216507 0.00 
C82,59 213782 0.00 
C82,60 231031 0.00 
C82,61 231953 0.00 
C82,62 218214 0.00 
C82,63 222496 0.00 
C82,64 246949 0.00 
C82,65 238621 0.00 
C82,66 237483 0.00 
C82,67 223032 0.00 
C82,68 254597 0.00 
C82,69 219845 0.00 
C82,70 223656 0.00 
C82,71 198601 0.00 
C82,72 241408 0.00 
C82,73 247726 0.00 
C82,74 227538 0.00 
C82,75 244784 0.00 
C82,76 224787 0.00 
C82,77 208536 0.00 
C82,78 219964 0.00 
C82,79 250180 0.00 
C82,80 217827 0.00 
C82,81 233166 0.00 
C82,82 241787 0.00 
C82,83 244877 0.00 
C82,84 238321 0.00 
C82,85 232570 0.00 
C82,86 227747 0.00 
C82,87 236715 0.00 
C82,88 224567 0.00 
C82,89 215986 0.00 
C82,90 213070 0.00 
C82,91 247895 0.00 
C82,92 231206 0.00 
C82,93 260669 0.00 
C82,94 255153 0.00 
C82,95 215919 0.00 
C82,96 216381 0.00 
C82,97 227443 0.00 
C82,98 229998 0.00 
C82,99 250396 0.00 
C82,100 228911 0.00 
C83,1 247713 0.00 
C83,2 238050 0.00 
C83,3 265758 0.00 
C83,4 274274 0.00 
C83,5 246906 0.00 
C83,6 259140 0.00 
C83,7 257365 0.00 
C83,8 266416 0.00 
C83,9 233154 0.00 
C83,10 233907 0.00 
C83,11 253811 0.00 
C83,12 250114 0.00 
C83,13 269698 0.00 
C83,14 268378 0.00 
C83,15 249522 0.00 
C83,16 237415 0.00 
C83,17 257978 0.00 
C83,18 263896 0.00 
C83,19 233723 0.00 
C83,20 271123 0.00 
C83,21 261234 0.00 
C83,22 258639 0.00 
C83,23 234368 0.00 
C83,24 255448 0.00 
C83,25 273256 0.00 
C83,26 266875 0.00 
C83,27 247881 0.00 
C83,28 258150 0.00 
C83,29 255991 0.00 
C83,30 245251 0.00 
C83,31 242805 0.00 
C83,32 244070 0.00 
C83,33 265150 0.00 
C83,34 242051 0.00 
C83,35 241715 0.00 
C83,36 233965 0.00 
C83,37 235386 0.00 
C83,38 248892 0.00 
C83,39 240506 0.00 
C83,40 237556 0.00 
C83,41 244933 0.00 
C83,42 248230 0.00 
C83,43 275095 0.00 
C83,44 226261 0.00 
C83,45 215279 0.00 
C83,46 234354 0.00 
C83,47 247063 0.00 
C83,48 278001 0.00 
C83,49 252606 0.00 
C83,50 230916 0.00 
C83,51 239207 0.00 
C83,52 221616 0.00 
C83,53 249404 0.00 
C83,54 250618 0.00 
C83,55 236025 0.00 
C83,56 265026 0.00 
C83,57 225766 0.00 
C83,58 241128 0.00 
C83,59 236263 0.00 
C83,60 253220 0.00 
C83,61 262007 0.00 
C83,62 241623 0.00 
C83,63 267790 0.00 
C83,64 253305 0.00 
C83,65 257662 0.00 
C83,66 259214 0.00 
C83,67 242059 0.00 
C83,68 270950 0.00 
C83,69 225107 0.00 
C83,70 238874 0.00 
C83,71 231055 0.00 
C83,72 263696 0.00 
C83,73 268478 0.00 
C83,74 239965 0.00 
C83,75 257458 0.00 
C83,76 227754 0.00 
C83,77 231771 0.00 
C83,78 242013 0.00 
C83,79 263433 0.00 
C83,80 233654 0.00 
C83,81 241619 0.00 
C83,82 253540 0.00 
C83,83 276963 0.00 
C83,84 238561 0.00 
C83,85 229502 0.00 
C83,86 240081 0.00 
C83,87 271404 0.00 
C83,88 240709 0.00 
C83,89 197406 0.00 
C83,90 249989 0.00 
C83,91 263388 0.00 
C83,92 227788 0.00 
C83,93 286798 0.00 
C83,94 271445 0.00 
C83,95 226982 0.00 
C83,96 241532 0.00 
C83,97 243292 0.00 
C83,98 244120 0.00 
C83,99 257872 0.00 
C83,100 255827 0.00 
C84,1 252834 0.00 
C84,2 259558 0.00 
C84,3 257431 0.00 
C84,4 274089 0.00 
C84,5 253487 0.00 
C84,6 257279 0.00 
C84,7 268830 0.00 
C84,8 254388 0.00 
C84,9 236302 0.00 
C84,10 246468 0.00 
C84,11 250832 0.00 
C84,12 223941 0.00 
C84,13 270258 0.00 
C84,14 280577 0.00 
C84,15 243224 0.00 
C84,16 236633 0.00 
C84,17 253360 0.00 
C84,18 245814 0.00 
C84,19 241776 0.00 
C84,20 267991 0.00 
C84,21 270387 0.00 
C84,22 273100 0.00 
C84,23 235356 0.00 
C84,24 254723 0.00 
C84,25 269362 0.00 
C84,26 254448 0.00 
C84,27 241304 0.00 
C84,28 276292 0.00 
C84,29 264616 0.00 
C84,30 256649 0.00 
C84,31 246550 0.00 
C84,32 259202 0.00 
C84,33 273861 0.00 
C84,34 235128 0.00 
C84,35 264230 0.00 
C84,36 262185 0.00 
C84,37 260165 0.00 
C84,38 249603 0.00 
C84,39 238959 0.00 
C84,40 247630 0.00 
C84,41 250757 0.00 
C84,42 254068 0.00 
C84,43 278801 0.00 
C84,44 236985 0.00 
C84,45 223819 0.00 
C84,46 247917 0.00 
C84,47 246517 0.00 
C84,48 297496 0.00 
C84,49 256589 0.00 
C84,50 235447 0.00 
C84,51 229624 0.00 
C84,52 218058 0.00 
C84,53 247200 0.00 
C84,54 248976 0.00 
C84,55 238900 0.00 
C84,56 274637 0.00 
C84,57 232679 0.00 
C84,58 251355 0.00 
C84,59 232634 0.00 
C84,60 252789 0.00 
C84,61 250047 0.00 
C84,62 243345 0.00 
C84,63 257048 0.00 
C84,64 268133 0.00 
C84,65 252986 0.00 
C84,66 271097 0.00 
C84,67 249407 0.00 
C84,68 285340 0.00 
C84,69 226208 0.00 
C84,70 249665 0.00 
C84,71 227187 0.00 
C84,72 264899 0.00 
C84,73 285193 0.00 
C84,74 244823 0.00 
C84,75 269016 0.00 
C84,76 234823 0.00 
C84,77 245117 0.00 
C84,78 239228 0.00 
C84,79 268979 0.00 
C84,80 220302 0.00 
C84,81 254942 0.00 
C84,82 257887 0.00 
C84,83 275446 0.00 
C84,84 270428 0.00 
C84,85 246839 0.00 
C84,86 253972 0.00 
C84,87 263552 0.00 
C84,88 241131 0.00 
C84,89 232069 0.00 
C84,90 247684 0.00 
C84,91 270091 0.00 
C84,92 239013 0.00 
C84,93 273435 0.00 
C84,94 265675 0.00 
C84,95 220499 0.00 
C84,96 247313 0.00 
C84,97 244165 0.00 
C84,98 252556 0.00 
C84,99 270590 0.00 
C84,100 249434 0.00 
C85,1 254832 0.00 
C85,2 252630 0.00 
C85,3 261599 0.00 
C85,4 268681 0.00 
C85,5 236444 0.00 
C85,6 258303 0.00 
C85,7 241524 0.00 
C85,8 260182 0.00 
C85,9 231517 0.00 
C85,10 236005 0.00 
C85,11 234172 0.00 
C85,12 235927 0.00 
C85,13 260502 0.00 
C85,14 290483 0.00 
C85,15 233791 0.00 
C85,16 246007 0.00 
C85,17 252591 0.00 
C85,18 246208 0.00 
C85,19 234440 0.00 
C85,20 254557 0.00 
C85,21 270191 0.00 
C85,22 251462 0.00 
C85,23 219385 0.00 
C85,24 248552 0.00 
C85,25 265284 0.00 
C85,26 263246 0.00 
C85,27 238701 0.00 
C85,28 257322 0.00 
C85,29 254048 0.00 
C85,30 251634 0.00 
C85,31 244483 0.00 
C85,32 223551 0.00 
C85,33 258411 0.00 
C85,34 223717 0.00 
C85,35 233883 0.00 
C85,36 249541 0.00 
C85,37 261931 0.00 
C85,38 251745 0.00 
C85,39 243514 0.00 
C85,40 248354 0.00 
C85,41 251127 0.00 
C85,42 241034 0.00 
C85,43 259777 0.00 
C85,44 248415 0.00 
C85,45 207983 0.00 
C85,46 258163 0.00 
C85,47 268560 0.00 
C85,48 300050 0.00 
C85,49 255351 0.00 
C85,50 234855 0.00 
C85,51 206802 0.00 
C85,52 219315 0.00 
C85,53 252317 0.00 
C85,54 257930 0.00 
C85,55 255534 0.00 
C85,56 266168 0.00 
C85,57 237552 0.00 
C85,58 250756 0.00 
C85,59 246079 0.00 
C85,60 253339 0.00 
C85,61 275004 0.00 
C85,62 242364 0.00 
C85,63 252561 0.00 
C85,64 248487 0.00 
C85,65 249438 0.00 
C85,66 261572 0.00 
C85,67 255583 0.00 
C85,68 271860 0.00 
C85,69 223836 0.00 
C85,70 250269 0.00 
C85,71 247890 0.00 
C85,72 259224 0.00 
C85,73 256029 0.00 
C85,74 246544 0.00 
C85,75 258883 0.00 
C85,76 226121 0.00 
C85,77 244840 0.00 
C85,78 259453 0.00 
C85,79 277578 0.00 
C85,80 224120 0.00 
C85,81 249579 0.00 
C85,82 252592 0.00 
C85,83 272173 0.00 
C85,84 261859 0.00 
C85,85 238694 0.00 
C85,86 241964 0.00 
C85,87 265812 0.00 
C85,88 238932 0.00 
C85,89 220615 0.00 
C85,90 253940 0.00 
C85,91 254363 0.00 
C85,92 247743 0.00 
C85,93 286494 0.00 
C85,94 262696 0.00 
C85,95 222074 0.00 
C85,96 249964 0.00 
C85,97 236261 0.00 
C85,98 252003 0.00 
C85,99 279960 0.00 
C85,100 256847 0.00 
C86,1 259009 0.00 
C86,2 239666 0.00 
C86,3 261577 0.00 
C86,4 264671 0.00 
C86,5 240329 0.00 
C86,6 261733 0.00 
C86,7 251048 0.00 
C86,8 249546 0.00 
C86,9 222941 0.00 
C86,10 225547 0.00 
C86,11 260202 0.00 
C86,12 227824 0.00 
C86,13 256692 0.00 
C86,14 271329 0.00 
C86,15 225194 0.00 
C86,16 227627 0.00 
C86,17 264928 0.00 
C86,18 248902 0.00 
C86,19 216891 0.00 
C86,20 248673 0.00 
C86,21 257407 0.00 
C86,22 241636 0.00 
C86,23 227466 0.00 
C86,24 232652 0.00 
C86,25 253453 0.00 
C86,26 247544 0.00 
C86,27 246793 0.00 
C86,28 251641 0.00 
C86,29 249219 0.00 
C86,30 246616 0.00 
C86,31 228436 0.00 
C86,32 241094 0.00 
C86,33 258345 0.00 
C86,34 230600 0.00 
C86,35 254841 0.00 
C86,36 242166 0.00 
C86,37 230615 0.00 
C86,38 248194 0.00 
C86,39 234218 0.00 
C86,40 242085 0.00 
C86,41 238069 0.00 
C86,42 250323 0.00 
C86,43 265095 0.00 
C86,44 234638 0.00 
C86,45 211109 0.00 
C86,46 252897 0.00 
C86,47 248593 0.00 
C86,48 279232 0.00 
C86,49 247810 0.00 
C86,50 212833 0.00 
C86,51 219963 0.00 
C86,52 215591 0.00 
C86,53 240910 0.00 
C86,54 245293 0.00 
C86,55 230337 0.00 
C86,56 274054 0.00 
C86,57 237667 0.00 
C86,58 253316 0.00 
C86,59 218700 0.00 
C86,60 228373 0.00 
C86,61 259047 0.00 
C86,62 244783 0.00 
C86,63 241037 0.00 
C86,64 261653 0.00 
C86,65 252353 0.00 
C86,66 246271 0.00 
C86,67 245288 0.00 
C86,68 285603 0.00 
C86,69 214554 0.00 
C86,70 248819 0.00 
C86,71 237146 0.00 
C86,72 253305 0.00 
C86,73 266462 0.00 
C86,74 232522 0.00 
C86,75 263090 0.00 
C86,76 239507 0.00 
C86,77 238099 0.00 
C86,78 242106 0.00 
C86,79 255820 0.00 
C86,80 214672 0.00 
C86,81 245724 0.00 
C86,82 244922 0.00 
C86,83 272223 0.00 
C86,84 246132 0.00 
C86,85 230202 0.00 
C86,86 241520 0.00 
C86,87 265272 0.00 
C86,88 234421 0.00 
C86,89 212601 0.00 
C86,90 242748 0.00 
C86,91 262007 0.00 
C86,92 248124 0.00 
C86,93 265612 0.00 
C86,94 248822 0.00 
C86,95 231850 0.00 
C86,96 244438 0.00 
C86,97 244262 0.00 
C86,98 253338 0.00 
C86,99 270523 0.00 
C86,100 245475 0.00 
C87,1 249007 0.00 
C87,2 267817 0.00 
C87,3 264515 0.00 
C87,4 273193 0.00 
C87,5 264714 0.00 
C87,6 270667 0.00 
C87,7 256466 0.00 
C87,8 270803 0.00 
C87,9 250590 0.00 
C87,10 235333 0.00 
C87,11 261801 0.00 
C87,12 243892 0.00 
C87,13 257201 0.00 
C87,14 282083 0.00 
C87,15 238085 0.00 
C87,16 261176 0.00 
C87,17 258394 0.00 
C87,18 261959 0.00 
C87,19 242393 0.00 
C87,20 267911 0.00 
C87,21 281143 0.00 
C87,22 277956 0.00 
C87,23 240342 0.00 
C87,24 261153 0.00 
C87,25 266118 0.00 
C87,26 272267 0.00 
C87,27 250318 0.00 
C87,28 259534 0.00 
C87,29 263860 0.00 
C87,30 260634 0.00 
C87,31 246316 0.00 
C87,32 243850 0.00 
C87,33 274116 0.00 
C87,34 223598 0.00 
C87,35 253604 0.00 
C87,36 233932 0.00 
C87,37 250164 0.00 
C87,38 259611 0.00 
C87,39 243203 0.00 
C87,40 239840 0.00 
C87,41 242199 0.00 
C87,42 243782 0.00 
C87,43 267600 0.00 
C87,44 256335 0.00 
C87,45 231217 0.00 
C87,46 264464 0.00 
C87,47 254907 0.00 
C87,48 299819 0.00 
C87,49 261187 0.00 
C87,50 237718 0.00 
C87,51 237546 0.00 
C87,52 229880 0.00 
C87,53 257735 0.00 
C87,54 257130 0.00 
C87,55 265474 0.00 
C87,56 270272 0.00 
C87,57 248357 0.00 
C87,58 256387 0.00 
C87,59 246913 0.00 
C87,60 255377 0.00 
C87,61 276360 0.00 
C87,62 250442 0.00 
C87,63 266167 0.00 
C87,64 254631 0.00 
C87,65 263407 0.00 
C87,66 268285 0.00 
C87,67 263823 0.00 
C87,68 280606 0.00 
C87,69 238283 0.00 
C87,70 246125 0.00 
C87,71 240305 0.00 
C87,72 269384 0.00 
C87,73 287371 0.00 
C87,74 237088 0.00 
C87,75 264035 0.00 
C87,76 239708 0.00 
C87,77 257533 0.00 
C87,78 243700 0.00 
C87,79 275944 0.00 
C87,80 241229 0.00 
C87,81 265098 0.00 
C87,82 255022 0.00 
C87,83 275205 0.00 
C87,84 249040 0.00 
C87,85 238144 0.00 
C87,86 248219 0.00 
C87,87 271684 0.00 
C87,88 246199 0.00 
C87,89 215668 0.00 
C87,90 251462 0.00 
C87,91 274106 0.00 
C87,92 252210 0.00 
C87,93 295255 0.00 
C87,94 269240 0.00 
C87,95 237014 0.00 
C87,96 255244 0.00 
C87,97 262473 0.00 
C87,98 266497 0.00 
C87,99 276426 0.00 
C87,100 262556 0.00 
C88,1 219573 0.00 
C88,2 231095 0.00 
C88,3 234336 0.00 
C88,4 234955 0.00 
C88,5 226212 0.00 
C88,6 235832 0.00 
C88,7 222503 0.00 
C88,8 236833 0.00 
C88,9 217299 0.00 
C88,10 206518 0.00 
C88,11 225059 0.00 
C88,12 210667 0.00 
C88,13 231553 0.00 
C88,14 246047 0.00 
C88,15 204141 0.00 
C88,16 205082 0.00 
C88,17 244173 0.00 
C88,18 239477 0.00 
C88,19 221581 0.00 
C88,20 244512 0.00 
C88,21 230003 0.00 
C88,22 225811 0.00 
C88,23 215690 0.00 
C88,24 227797 0.00 
C88,25 239093 0.00 
C88,26 238267 0.00 
C88,27 209913 0.00 
C88,28 221652 0.00 
C88,29 233058 0.00 
C88,30 218606 0.00 
C88,31 216780 0.00 
C88,32 214644 0.00 
C88,33 237245 0.00 
C88,34 208538 0.00 
C88,35 220838 0.00 
C88,36 209530 0.00 
C88,37 214978 0.00 
C88,38 231887 0.00 
C88,39 195737 0.00 
C88,40 199358 0.00 
C88,41 207291 0.00 
C88,42 224678 0.00 
C88,43 236685 0.00 
C88,44 210590 0.00 
C88,45 198849 0.00 
C88,46 212422 0.00 
C88,47 235265 0.00 
C88,48 242895 0.00 
C88,49 225111 0.00 
C88,50 202525 0.00 
C88,51 209738 0.00 
C88,52 182471 0.00 
C88,53 221577 0.00 
C88,54 235664 0.00 
C88,55 210273 0.00 
C88,56 242671 0.00 
C88,57 223267 0.00 
C88,58 231371 0.00 
C88,59 208975 0.00 
C88,60 225733 0.00 
C88,61 244537 0.00 
C88,62 229484 0.00 
C88,63 242199 0.00 
C88,64 239657 0.00 
C88,65 233920 0.00 
C88,66 230284 0.00 
C88,67 226188 0.00 
C88,68 243392 0.00 
C88,69 192523 0.00 
C88,70 226708 0.00 
C88,71 223540 0.00 
C88,72 229046 0.00 
C88,73 237270 0.00 
C88,74 203118 0.00 
C88,75 248327 0.00 
C88,76 207340 0.00 
C88,77 221605 0.00 
C88,78 237433 0.00 
C88,79 228894 0.00 
C88,80 208579 0.00 
C88,81 226643 0.00 
C88,82 231352 0.00 
C88,83 253734 0.00 
C88,84 223963 0.00 
C88,85 200108 0.00 
C88,86 200010 0.00 
C88,87 247389 0.00 
C88,88 236346 0.00 
C88,89 184403 0.00 
C88,90 210745 0.00 
C88,91 246194 0.00 
C88,92 213423 0.00 
C88,93 245769 0.00 
C88,94 229016 0.00 
C88,95 206908 0.00 
C88,96 223552 0.00 
C88,97 226847 0.00 
C88,98 230023 0.00 
C88,99 240633 0.00 
C88,100 224474 0.00 
C89,1 250171 0.00 
C89,2 260733 0.00 
C89,3 269210 0.00 
C89,4 265638 0.00 
C89,5 249130 0.00 
C89,6 274489 0.00 
C89,7 252692 0.00 
C89,8 266526 0.00 
C89,9 236461 0.00 
C89,10 243020 0.00 
C89,11 224302 0.00 
C89,12 223455 0.00 
C89,13 258130 0.00 
C89,14 292751 0.00 
C89,15 250685 0.00 
C89,16 241029 0.00 
C89,17 264623 0.00 
C89,18 246748 0.00 
C89,19 230674 0.00 
C89,20 264426 0.00 
C89,21 275101 0.00 
C89,22 248956 0.00 
C89,23 235625 0.00 
C89,24 256264 0.00 
C89,25 257305 0.00 
C89,26 260610 0.00 
C89,27 233946 0.00 
C89,28 253293 0.00 
C89,29 253392 0.00 
C89,30 269712 0.00 
C89,31 229627 0.00 
C89,32 237335 0.00 
C89,33 272178 0.00 
C89,34 235703 0.00 
C89,35 252728 0.00 
C89,36 244713 0.00 
C89,37 253167 0.00 
C89,38 234942 0.00 
C89,39 240104 0.00 
C89,40 238611 0.00 
C89,41 258183 0.00 
C89,42 253234 0.00 
C89,43 269863 0.00 
C89,44 240905 0.00 
C89,45 214262 0.00 
C89,46 248128 0.00 
C89,47 258704 0.00 
C89,48 287159 0.00 
C89,49 263632 0.00 
C89,50 218980 0.00 
C89,51 225282 0.00 
C89,52 233287 0.00 
C89,53 252763 0.00 
C89,54 246117 0.00 
C89,55 247855 0.00 
C89,56 265034 0.00 
C89,57 237458 0.00 
C89,58 236216 0.00 
C89,59 236798 0.00 
C89,60 250324 0.00 
C89,61 253549 0.00 
C89,62 240607 0.00 
C89,63 258948 0.00 
C89,64 271950 0.00 
C89,65 233908 0.00 
C89,66 252108 0.00 
C89,67 249163 0.00 
C89,68 280038 0.00 
C89,69 225329 0.00 
C89,70 264782 0.00 
C89,71 240511 0.00 
C89,72 258520 0.00 
C89,73 282433 0.00 
C89,74 244952 0.00 
C89,75 282645 0.00 
C89,76 259145 0.00 
C89,77 245301 0.00 
C89,78 250308 0.00 
C89,79 258682 0.00 
C89,80 230976 0.00 
C89,81 251666 0.00 
C89,82 266088 0.00 
C89,83 262231 0.00 
C89,84 269665 0.00 
C89,85 231867 0.00 
C89,86 235471 0.00 
C89,87 261723 0.00 
C89,88 234563 0.00 
C89,89 234752 0.00 
C89,90 233545 0.00 
C89,91 262597 0.00 
C89,92 237423 0.00 
C89,93 282207 0.00 
C89,94 287403 0.00 
C89,95 216589 0.00 
C89,96 252565 0.00 
C89,97 232678 0.00 
C89,98 268975 0.00 
C89,99 261640 0.00 
C89,100 257480 0.00 
C90,1 250047 0.00 
C90,2 227433 0.00 
C90,3 245299 0.00 
C90,4 258674 0.00 
C90,5 234027 0.00 
C90,6 246280 0.00 
C90,7 234107 0.00 
C90,8 261049 0.00 
C90,9 227206 0.00 
C90,10 235596 0.00 
C90,11 248478 0.00 
C90,12 233437 0.00 
C90,13 240553 0.00 
C90,14 279247 0.00 
C90,15 223093 0.00 
C90,16 245744 0.00 
C90,17 241650 0.00 
C90,18 261705 0.00 
C90,19 235457 0.00 
C90,20 261481 0.00 
C90,21 264431 0.00 
C90,22 243100 0.00 
C90,23 220392 0.00 
C90,24 248033 0.00 
C90,25 249562 0.00 
C90,26 242701 0.00 
C90,27 241204 0.00 
C90,28 258406 0.00 
C90,29 242356 0.00 
C90,30 249840 0.00 
C90,31 222488 0.00 
C90,32 233770 0.00 
C90,33 268825 0.00 
C90,34 214709 0.00 
C90,35 250738 0.00 
C90,36 234771 0.00 
C90,37 247902 0.00 
C90,38 233378 0.00 
C90,39 212694 0.00 
C90,40 238861 0.00 
C90,41 230591 0.00 
C90,42 239942 0.00 
C90,43 252445 0.00 
C90,44 237564 0.00 
C90,45 207192 0.00 
C90,46 242871 0.00 
C90,47 236560 0.00 
C90,48 268590 0.00 
C90,49 257121 0.00 
C90,50 237768 0.00 
C90,51 219544 0.00 
C90,52 222414 0.00 
C90,53 249957 0.00 
C90,54 241900 0.00 
C90,55 238006 0.00 
C90,56 252720 0.00 
C90,57 241043 0.00 
C90,58 240591 0.00 
C90,59 216216 0.00 
C90,60 237959 0.00 
C90,61 249069 0.00 
C90,62 228678 0.00 
C90,63 252548 0.00 
C90,64 254319 0.00 
C90,65 251058 0.00 
C90,66 265800 0.00 
C90,67 241410 0.00 
C90,68 263273 0.00 
C90,69 222558 0.00 
C90,70 245575 0.00 
C90,71 223513 0.00 
C90,72 250391 0.00 
C90,73 265815 0.00 
C90,74 229551 0.00 
C90,75 256082 0.00 
C90,76 234919 0.00 
C90,77 225557 0.00 
C90,78 232525 0.00 
C90,79 241367 0.00 
C90,80 225973 0.00 
C90,81 243273 0.00 
C90,82 243393 0.00 
C90,83 262300 0.00 
C90,84 253167 0.00 
C90,85 230138 0.00 
C90,86 237752 0.00 
C90,87 260069 0.00 
C90,88 216102 0.00 
C90,89 217011 0.00 
C90,90 216946 0.00 
C90,91 263121 0.00 
C90,92 237378 0.00 
C90,93 260382 0.00 
C90,94 261771 0.00 
C90,95 211155 0.00 
C90,96 219221 0.00 
C90,97 250098 0.00 
C90,98 241354 0.00 
C90,99 256359 0.00 
C90,100 252635 0.00 
0.00 
